Transformation matrix is:
[1 0 0 0]
[0 1 0 0]
[0 0 1 0]
[0 0 0 1]

Diagonal matrix is:
[1 0 0 0]
[0 1 0 0]
[0 0 1 0]
[0 0 0 1]

Point counts are [
    [ 40, 3 ],
    [ 156, 5 ],
    [ 400, 7 ],
    [ 1464, 11 ],
    [ 2380, 13 ],
    [ 5220, 17 ],
    [ 7240, 19 ],
    [ 12720, 23 ]
]

Good point counts are [
    [ 40, 3 ],
    [ 156, 5 ],
    [ 400, 7 ],
    [ 1464, 11 ],
    [ 2380, 13 ],
    [ 5220, 17 ],
    [ 7240, 19 ],
    [ 12720, 23 ]
]
Level of weight 4 newform is [ 0, 0, 0 ]

not modular


---------------------------------------------------------


Transformation matrix is:
[1 0 0 0]
[0 1 0 0]
[0 0 0 1]
[0 0 1 0]

Diagonal matrix is:
[ 1  0  0  0]
[ 0  1  0  0]
[ 0  0  1  0]
[ 0  0  0 -1]

Point counts are [
    [ 37, 3 ],
    [ 176, 5 ],
    [ 407, 7 ],
    [ 1673, 11 ],
    [ 2484, 13 ],
    [ 6155, 17 ],
    [ 7563, 19 ],
    [ 15503, 23 ]
]

Good point counts are [
    [ 37, 3 ],
    [ 176, 5 ],
    [ 407, 7 ],
    [ 1673, 11 ],
    [ 2484, 13 ],
    [ 6155, 17 ],
    [ 7563, 19 ],
    [ 15503, 23 ]
]
Level of weight 4 newform is [ 0, 0, 0 ]

not modular


---------------------------------------------------------


Transformation matrix is:
[1 0 0 0]
[0 0 1 0]
[0 1 0 0]
[0 0 0 1]

Diagonal matrix is:
[ 1  0  0  0]
[ 0  1  0  0]
[ 0  0  1  0]
[ 0  0  0 -1]

Point counts are [
    [ 37, 3 ],
    [ 176, 5 ],
    [ 407, 7 ],
    [ 1673, 11 ],
    [ 2484, 13 ],
    [ 6155, 17 ],
    [ 7563, 19 ],
    [ 15503, 23 ]
]

Good point counts are [
    [ 37, 3 ],
    [ 176, 5 ],
    [ 407, 7 ],
    [ 1673, 11 ],
    [ 2484, 13 ],
    [ 6155, 17 ],
    [ 7563, 19 ],
    [ 15503, 23 ]
]
Level of weight 4 newform is [ 0, 0, 0 ]

not modular


---------------------------------------------------------


Transformation matrix is:
[1 0 0 0]
[0 0 0 1]
[0 0 1 0]
[0 1 0 0]

Diagonal matrix is:
[ 1  0  0  0]
[ 0  1  0  0]
[ 0  0  1  0]
[ 0  0  0 -1]

Point counts are [
    [ 37, 3 ],
    [ 176, 5 ],
    [ 407, 7 ],
    [ 1673, 11 ],
    [ 2484, 13 ],
    [ 6155, 17 ],
    [ 7563, 19 ],
    [ 15503, 23 ]
]

Good point counts are [
    [ 37, 3 ],
    [ 176, 5 ],
    [ 407, 7 ],
    [ 1673, 11 ],
    [ 2484, 13 ],
    [ 6155, 17 ],
    [ 7563, 19 ],
    [ 15503, 23 ]
]
Level of weight 4 newform is [ 0, 0, 0 ]

not modular


---------------------------------------------------------


Transformation matrix is:
[0 1 0 0]
[1 0 0 0]
[0 0 1 0]
[0 0 0 1]

Diagonal matrix is:
[ 1  0  0  0]
[ 0  1  0  0]
[ 0  0  1  0]
[ 0  0  0 -1]

Point counts are [
    [ 37, 3 ],
    [ 176, 5 ],
    [ 407, 7 ],
    [ 1673, 11 ],
    [ 2484, 13 ],
    [ 6155, 17 ],
    [ 7563, 19 ],
    [ 15503, 23 ]
]

Good point counts are [
    [ 37, 3 ],
    [ 176, 5 ],
    [ 407, 7 ],
    [ 1673, 11 ],
    [ 2484, 13 ],
    [ 6155, 17 ],
    [ 7563, 19 ],
    [ 15503, 23 ]
]
Level of weight 4 newform is [ 0, 0, 0 ]

not modular


---------------------------------------------------------


Transformation matrix is:
[0 1 0 0]
[1 0 0 0]
[0 0 0 1]
[0 0 1 0]

Diagonal matrix is:
[ 1  0  0  0]
[ 0  1  0  0]
[ 0  0 -1  0]
[ 0  0  0 -1]

Point counts are [
    [ 40, 3 ],
    [ 158, 5 ],
    [ 400, 7 ],
    [ 1488, 11 ],
    [ 2386, 13 ],
    [ 5276, 17 ],
    [ 7260, 19 ],
    [ 12840, 23 ]
]

Good point counts are [
    [ 40, 3 ],
    [ 158, 5 ],
    [ 400, 7 ],
    [ 1488, 11 ],
    [ 2386, 13 ],
    [ 5276, 17 ],
    [ 7260, 19 ],
    [ 12840, 23 ]
]
Level of weight 4 newform is [ 0, 0, 0 ]

not modular


---------------------------------------------------------


Transformation matrix is:
[0 0 1 0]
[0 1 0 0]
[1 0 0 0]
[0 0 0 1]

Diagonal matrix is:
[ 1  0  0  0]
[ 0  1  0  0]
[ 0  0  1  0]
[ 0  0  0 -1]

Point counts are [
    [ 37, 3 ],
    [ 176, 5 ],
    [ 407, 7 ],
    [ 1673, 11 ],
    [ 2484, 13 ],
    [ 6155, 17 ],
    [ 7563, 19 ],
    [ 15503, 23 ]
]

Good point counts are [
    [ 37, 3 ],
    [ 176, 5 ],
    [ 407, 7 ],
    [ 1673, 11 ],
    [ 2484, 13 ],
    [ 6155, 17 ],
    [ 7563, 19 ],
    [ 15503, 23 ]
]
Level of weight 4 newform is [ 0, 0, 0 ]

not modular


---------------------------------------------------------


Transformation matrix is:
[0 0 1 0]
[0 0 0 1]
[1 0 0 0]
[0 1 0 0]

Diagonal matrix is:
[ 1  0  0  0]
[ 0  1  0  0]
[ 0  0 -1  0]
[ 0  0  0 -1]

Point counts are [
    [ 40, 3 ],
    [ 158, 5 ],
    [ 400, 7 ],
    [ 1488, 11 ],
    [ 2386, 13 ],
    [ 5276, 17 ],
    [ 7260, 19 ],
    [ 12840, 23 ]
]

Good point counts are [
    [ 40, 3 ],
    [ 158, 5 ],
    [ 400, 7 ],
    [ 1488, 11 ],
    [ 2386, 13 ],
    [ 5276, 17 ],
    [ 7260, 19 ],
    [ 12840, 23 ]
]
Level of weight 4 newform is [ 0, 0, 0 ]

not modular


---------------------------------------------------------


Transformation matrix is:
[0 0 0 1]
[0 1 0 0]
[0 0 1 0]
[1 0 0 0]

Diagonal matrix is:
[ 1  0  0  0]
[ 0  1  0  0]
[ 0  0  1  0]
[ 0  0  0 -1]

Point counts are [
    [ 37, 3 ],
    [ 176, 5 ],
    [ 407, 7 ],
    [ 1673, 11 ],
    [ 2484, 13 ],
    [ 6155, 17 ],
    [ 7563, 19 ],
    [ 15503, 23 ]
]

Good point counts are [
    [ 37, 3 ],
    [ 176, 5 ],
    [ 407, 7 ],
    [ 1673, 11 ],
    [ 2484, 13 ],
    [ 6155, 17 ],
    [ 7563, 19 ],
    [ 15503, 23 ]
]
Level of weight 4 newform is [ 0, 0, 0 ]

not modular


---------------------------------------------------------


Transformation matrix is:
[0 0 0 1]
[0 0 1 0]
[0 1 0 0]
[1 0 0 0]

Diagonal matrix is:
[ 1  0  0  0]
[ 0  1  0  0]
[ 0  0 -1  0]
[ 0  0  0 -1]

Point counts are [
    [ 40, 3 ],
    [ 158, 5 ],
    [ 400, 7 ],
    [ 1488, 11 ],
    [ 2386, 13 ],
    [ 5276, 17 ],
    [ 7260, 19 ],
    [ 12840, 23 ]
]

Good point counts are [
    [ 40, 3 ],
    [ 158, 5 ],
    [ 400, 7 ],
    [ 1488, 11 ],
    [ 2386, 13 ],
    [ 5276, 17 ],
    [ 7260, 19 ],
    [ 12840, 23 ]
]
Level of weight 4 newform is [ 0, 0, 0 ]

not modular


---------------------------------------------------------

