Transformation matrix is:
[1 0 0 0]
[0 1 0 0]
[0 0 1 0]
[0 0 0 1]

Diagonal matrix is:
[1 0 0 0]
[0 1 0 0]
[0 0 1 0]
[0 0 0 1]

Point counts are [
    [ 40, 3 ],
    [ 156, 5 ],
    [ 400, 7 ],
    [ 1464, 11 ],
    [ 2380, 13 ],
    [ 5220, 17 ],
    [ 7240, 19 ],
    [ 12720, 23 ]
]

Good point counts are [
    [ 40, 3 ],
    [ 156, 5 ],
    [ 400, 7 ],
    [ 1464, 11 ],
    [ 2380, 13 ],
    [ 5220, 17 ],
    [ 7240, 19 ],
    [ 12720, 23 ]
]
Level of weight 4 newform is [ 0, 0, 0 ]

not modular


---------------------------------------------------------


Transformation matrix is:
[0 1 0 0]
[1 0 0 0]
[0 0 0 1]
[0 0 1 0]

Diagonal matrix is:
[ 1  0  0  0]
[ 0  1  0  0]
[ 0  0 -1  0]
[ 0  0  0 -1]

Point counts are [
    [ 43, 3 ],
    [ 151, 5 ],
    [ 421, 7 ],
    [ 1475, 11 ],
    [ 2367, 13 ],
    [ 5169, 17 ],
    [ 7259, 19 ],
    [ 12789, 23 ]
]

Good point counts are [
    [ 43, 3 ],
    [ 151, 5 ],
    [ 421, 7 ],
    [ 1475, 11 ],
    [ 2367, 13 ],
    [ 5169, 17 ],
    [ 7259, 19 ],
    [ 12789, 23 ]
]
Level of weight 4 newform is [ 0, 0, 0 ]

not modular


---------------------------------------------------------

