Transformation matrix is:
[1 0 0 0 0]
[0 1 0 0 0]
[0 0 1 0 0]
[0 0 0 1 0]
[0 0 0 0 1]

Diagonal matrix is:
[1 0 0 0 0]
[0 1 0 0 0]
[0 0 1 0 0]
[0 0 0 1 0]
[0 0 0 0 1]

Point counts are [
    [ 0, 5 ],
    [ 0, 5 ],
    [ 467, 7 ],
    [ 2325, 11 ],
    [ 3841, 13 ],
    [ 5701, 17 ],
    [ 7627, 19 ],
    [ 17361, 23 ],
    [ 26463, 29 ],
    [ 31989, 31 ]
]

Good point counts are [
    [ 467, 7 ],
    [ 2325, 11 ],
    [ 3841, 13 ],
    [ 5701, 17 ],
    [ 7627, 19 ],
    [ 17361, 23 ],
    [ 26463, 29 ],
    [ 31989, 31 ]
]

Level of weight 4 newform is [ 0, 0, 0 ]

not modular


---------------------------------------------------------


Transformation matrix is:
[0 0 1 0 0]
[0 0 0 0 1]
[1 0 0 0 0]
[0 0 0 1 0]
[0 1 0 0 0]

Diagonal matrix is:
[ 1  0  0  0  0]
[ 0  1  0  0  0]
[ 0  0  1  0  0]
[ 0  0  0 -1  0]
[ 0  0  0  0 -1]

Point counts are [
    [ 0, 5 ],
    [ 0, 5 ],
    [ 453, 7 ],
    [ 2061, 11 ],
    [ 3451, 13 ],
    [ 5939, 17 ],
    [ 7969, 19 ],
    [ 15498, 23 ],
    [ 27072, 29 ],
    [ 32609, 31 ]
]

Good point counts are [
    [ 453, 7 ],
    [ 2061, 11 ],
    [ 3451, 13 ],
    [ 5939, 17 ],
    [ 7969, 19 ],
    [ 15498, 23 ],
    [ 27072, 29 ],
    [ 32609, 31 ]
]

Level of weight 4 newform is [ 0, 0, 0 ]

not modular


---------------------------------------------------------
