Transformation matrix is:
[1 0 0 0 0 0]
[0 1 0 0 0 0]
[0 0 1 0 0 0]
[0 0 0 1 0 0]
[0 0 0 0 1 0]
[0 0 0 0 0 1]

Diagonal matrix is:
[1 0 0 0 0 0]
[0 1 0 0 0 0]
[0 0 1 0 0 0]
[0 0 0 1 0 0]
[0 0 0 0 1 0]
[0 0 0 0 0 1]

Point counts are [
    [ 112, 3 ],
    [ 81, 5 ],
    [ 592, 7 ],
    [ 3296, 11 ],
    [ 2032, 13 ],
    [ 4432, 17 ]
]

Good point counts are [
    [ 112, 3 ],
    [ 81, 5 ],
    [ 592, 7 ],
    [ 3296, 11 ],
    [ 2032, 13 ],
    [ 4432, 17 ]
]

Level of weight 4 newform is [ 600, 10, 1 ]

First coefficient can be obtained from:  [ <27, 3>, <-9, 5>, <36, 7>, <176, 11>,
<-14, 13>, <-22, 17> ]
Second coefficient is  <[ 0, 0, 0, 0, 0, 0 ], [ <-14, 5>, <29, 7>, <165, 11>,
<-27, 13>, <-39, 17> ]>


---------------------------------------------------------


Transformation matrix is:
[1 0 0 0 0 0]
[0 1 0 0 0 0]
[0 0 1 0 0 0]
[0 0 0 0 0 1]
[0 0 0 0 1 0]
[0 0 0 1 0 0]

Diagonal matrix is:
[ 1  0  0  0  0  0]
[ 0  1  0  0  0  0]
[ 0  0  1  0  0  0]
[ 0  0  0  1  0  0]
[ 0  0  0  0  1  0]
[ 0  0  0  0  0 -1]



---------------------------------------------------------


Transformation matrix is:
[1 0 0 0 0 0]
[0 1 0 0 0 0]
[0 0 0 1 0 0]
[0 0 1 0 0 0]
[0 0 0 0 1 0]
[0 0 0 0 0 1]

Diagonal matrix is:
[ 1  0  0  0  0  0]
[ 0  1  0  0  0  0]
[ 0  0  1  0  0  0]
[ 0  0  0  1  0  0]
[ 0  0  0  0  1  0]
[ 0  0  0  0  0 -1]



---------------------------------------------------------


Transformation matrix is:
[1 0 0 0 0 0]
[0 1 0 0 0 0]
[0 0 0 0 0 1]
[0 0 0 1 0 0]
[0 0 0 0 1 0]
[0 0 1 0 0 0]

Diagonal matrix is:
[ 1  0  0  0  0  0]
[ 0  1  0  0  0  0]
[ 0  0  1  0  0  0]
[ 0  0  0  1  0  0]
[ 0  0  0  0  1  0]
[ 0  0  0  0  0 -1]



---------------------------------------------------------


Transformation matrix is:
[1 0 0 0 0 0]
[0 0 1 0 0 0]
[0 1 0 0 0 0]
[0 0 0 1 0 0]
[0 0 0 0 1 0]
[0 0 0 0 0 1]

Diagonal matrix is:
[ 1  0  0  0  0  0]
[ 0  1  0  0  0  0]
[ 0  0  1  0  0  0]
[ 0  0  0  1  0  0]
[ 0  0  0  0  1  0]
[ 0  0  0  0  0 -1]



---------------------------------------------------------


Transformation matrix is:
[1 0 0 0 0 0]
[0 0 1 0 0 0]
[0 1 0 0 0 0]
[0 0 0 0 0 1]
[0 0 0 0 1 0]
[0 0 0 1 0 0]

Diagonal matrix is:
[ 1  0  0  0  0  0]
[ 0  1  0  0  0  0]
[ 0  0  1  0  0  0]
[ 0  0  0  1  0  0]
[ 0  0  0  0 -1  0]
[ 0  0  0  0  0 -1]

Point counts are [
    [ 64, 3 ],
    [ 111, 5 ],
    [ 480, 7 ],
    [ 2416, 11 ],
    [ 2240, 13 ],
    [ 4704, 17 ]
]

Good point counts are [
    [ 64, 3 ],
    [ 111, 5 ],
    [ 480, 7 ],
    [ 2416, 11 ],
    [ 2240, 13 ],
    [ 4704, 17 ]
]

Level of weight 4 newform is [ 600, 10, 1 ]

First coefficient can be obtained from:  [ <11, 3>, <-3, 5>, <20, 7>, <96, 11>,
<2, 13>, <-6, 17> ]
Second coefficient is  <[ 0, 0, 0, 0, 0, 0 ], [ <-8, 5>, <13, 7>, <85, 11>,
<-11, 13>, <-23, 17> ]>


---------------------------------------------------------


Transformation matrix is:
[1 0 0 0 0 0]
[0 0 0 1 0 0]
[0 0 1 0 0 0]
[0 1 0 0 0 0]
[0 0 0 0 1 0]
[0 0 0 0 0 1]

Diagonal matrix is:
[ 1  0  0  0  0  0]
[ 0  1  0  0  0  0]
[ 0  0  1  0  0  0]
[ 0  0  0  1  0  0]
[ 0  0  0  0  1  0]
[ 0  0  0  0  0 -1]



---------------------------------------------------------


Transformation matrix is:
[1 0 0 0 0 0]
[0 0 0 1 0 0]
[0 0 0 0 0 1]
[0 1 0 0 0 0]
[0 0 0 0 1 0]
[0 0 1 0 0 0]

Diagonal matrix is:
[ 1  0  0  0  0  0]
[ 0  1  0  0  0  0]
[ 0  0  1  0  0  0]
[ 0  0  0  1  0  0]
[ 0  0  0  0 -1  0]
[ 0  0  0  0  0 -1]

Point counts are [
    [ 64, 3 ],
    [ 111, 5 ],
    [ 480, 7 ],
    [ 2416, 11 ],
    [ 2240, 13 ],
    [ 4704, 17 ]
]

Good point counts are [
    [ 64, 3 ],
    [ 111, 5 ],
    [ 480, 7 ],
    [ 2416, 11 ],
    [ 2240, 13 ],
    [ 4704, 17 ]
]

Level of weight 4 newform is [ 600, 10, 1 ]

First coefficient can be obtained from:  [ <11, 3>, <-3, 5>, <20, 7>, <96, 11>,
<2, 13>, <-6, 17> ]
Second coefficient is  <[ 0, 0, 0, 0, 0, 0 ], [ <-8, 5>, <13, 7>, <85, 11>,
<-11, 13>, <-23, 17> ]>


---------------------------------------------------------


Transformation matrix is:
[1 0 0 0 0 0]
[0 0 0 0 0 1]
[0 0 1 0 0 0]
[0 0 0 1 0 0]
[0 0 0 0 1 0]
[0 1 0 0 0 0]

Diagonal matrix is:
[ 1  0  0  0  0  0]
[ 0  1  0  0  0  0]
[ 0  0  1  0  0  0]
[ 0  0  0  1  0  0]
[ 0  0  0  0  1  0]
[ 0  0  0  0  0 -1]



---------------------------------------------------------


Transformation matrix is:
[1 0 0 0 0 0]
[0 0 0 0 0 1]
[0 0 0 1 0 0]
[0 0 1 0 0 0]
[0 0 0 0 1 0]
[0 1 0 0 0 0]

Diagonal matrix is:
[ 1  0  0  0  0  0]
[ 0  1  0  0  0  0]
[ 0  0  1  0  0  0]
[ 0  0  0  1  0  0]
[ 0  0  0  0 -1  0]
[ 0  0  0  0  0 -1]

Point counts are [
    [ 64, 3 ],
    [ 111, 5 ],
    [ 480, 7 ],
    [ 2416, 11 ],
    [ 2240, 13 ],
    [ 4704, 17 ]
]

Good point counts are [
    [ 64, 3 ],
    [ 111, 5 ],
    [ 480, 7 ],
    [ 2416, 11 ],
    [ 2240, 13 ],
    [ 4704, 17 ]
]

Level of weight 4 newform is [ 600, 10, 1 ]

First coefficient can be obtained from:  [ <11, 3>, <-3, 5>, <20, 7>, <96, 11>,
<2, 13>, <-6, 17> ]
Second coefficient is  <[ 0, 0, 0, 0, 0, 0 ], [ <-8, 5>, <13, 7>, <85, 11>,
<-11, 13>, <-23, 17> ]>


---------------------------------------------------------


Transformation matrix is:
[0 1 0 0 0 0]
[1 0 0 0 0 0]
[0 0 1 0 0 0]
[0 0 0 1 0 0]
[0 0 0 0 1 0]
[0 0 0 0 0 1]

Diagonal matrix is:
[ 1  0  0  0  0  0]
[ 0  1  0  0  0  0]
[ 0  0  1  0  0  0]
[ 0  0  0  1  0  0]
[ 0  0  0  0  1  0]
[ 0  0  0  0  0 -1]



---------------------------------------------------------


Transformation matrix is:
[0 1 0 0 0 0]
[1 0 0 0 0 0]
[0 0 1 0 0 0]
[0 0 0 0 0 1]
[0 0 0 0 1 0]
[0 0 0 1 0 0]

Diagonal matrix is:
[ 1  0  0  0  0  0]
[ 0  1  0  0  0  0]
[ 0  0  1  0  0  0]
[ 0  0  0  1  0  0]
[ 0  0  0  0 -1  0]
[ 0  0  0  0  0 -1]

Point counts are [
    [ 64, 3 ],
    [ 111, 5 ],
    [ 480, 7 ],
    [ 2416, 11 ],
    [ 2240, 13 ],
    [ 4704, 17 ]
]

Good point counts are [
    [ 64, 3 ],
    [ 111, 5 ],
    [ 480, 7 ],
    [ 2416, 11 ],
    [ 2240, 13 ],
    [ 4704, 17 ]
]

Level of weight 4 newform is [ 600, 10, 1 ]

First coefficient can be obtained from:  [ <11, 3>, <-3, 5>, <20, 7>, <96, 11>,
<2, 13>, <-6, 17> ]
Second coefficient is  <[ 0, 0, 0, 0, 0, 0 ], [ <-8, 5>, <13, 7>, <85, 11>,
<-11, 13>, <-23, 17> ]>


---------------------------------------------------------


Transformation matrix is:
[0 1 0 0 0 0]
[1 0 0 0 0 0]
[0 0 0 1 0 0]
[0 0 1 0 0 0]
[0 0 0 0 1 0]
[0 0 0 0 0 1]

Diagonal matrix is:
[ 1  0  0  0  0  0]
[ 0  1  0  0  0  0]
[ 0  0  1  0  0  0]
[ 0  0  0  1  0  0]
[ 0  0  0  0 -1  0]
[ 0  0  0  0  0 -1]

Point counts are [
    [ 64, 3 ],
    [ 111, 5 ],
    [ 480, 7 ],
    [ 2416, 11 ],
    [ 2240, 13 ],
    [ 4704, 17 ]
]

Good point counts are [
    [ 64, 3 ],
    [ 111, 5 ],
    [ 480, 7 ],
    [ 2416, 11 ],
    [ 2240, 13 ],
    [ 4704, 17 ]
]

Level of weight 4 newform is [ 600, 10, 1 ]

First coefficient can be obtained from:  [ <11, 3>, <-3, 5>, <20, 7>, <96, 11>,
<2, 13>, <-6, 17> ]
Second coefficient is  <[ 0, 0, 0, 0, 0, 0 ], [ <-8, 5>, <13, 7>, <85, 11>,
<-11, 13>, <-23, 17> ]>


---------------------------------------------------------


Transformation matrix is:
[0 1 0 0 0 0]
[1 0 0 0 0 0]
[0 0 0 0 0 1]
[0 0 0 1 0 0]
[0 0 0 0 1 0]
[0 0 1 0 0 0]

Diagonal matrix is:
[ 1  0  0  0  0  0]
[ 0  1  0  0  0  0]
[ 0  0  1  0  0  0]
[ 0  0  0  1  0  0]
[ 0  0  0  0 -1  0]
[ 0  0  0  0  0 -1]

Point counts are [
    [ 64, 3 ],
    [ 111, 5 ],
    [ 480, 7 ],
    [ 2416, 11 ],
    [ 2240, 13 ],
    [ 4704, 17 ]
]

Good point counts are [
    [ 64, 3 ],
    [ 111, 5 ],
    [ 480, 7 ],
    [ 2416, 11 ],
    [ 2240, 13 ],
    [ 4704, 17 ]
]

Level of weight 4 newform is [ 600, 10, 1 ]

First coefficient can be obtained from:  [ <11, 3>, <-3, 5>, <20, 7>, <96, 11>,
<2, 13>, <-6, 17> ]
Second coefficient is  <[ 0, 0, 0, 0, 0, 0 ], [ <-8, 5>, <13, 7>, <85, 11>,
<-11, 13>, <-23, 17> ]>


---------------------------------------------------------


Transformation matrix is:
[0 0 1 0 0 0]
[0 1 0 0 0 0]
[1 0 0 0 0 0]
[0 0 0 1 0 0]
[0 0 0 0 1 0]
[0 0 0 0 0 1]

Diagonal matrix is:
[ 1  0  0  0  0  0]
[ 0  1  0  0  0  0]
[ 0  0  1  0  0  0]
[ 0  0  0  1  0  0]
[ 0  0  0  0  1  0]
[ 0  0  0  0  0 -1]



---------------------------------------------------------


Transformation matrix is:
[0 0 1 0 0 0]
[0 1 0 0 0 0]
[1 0 0 0 0 0]
[0 0 0 0 0 1]
[0 0 0 0 1 0]
[0 0 0 1 0 0]

Diagonal matrix is:
[ 1  0  0  0  0  0]
[ 0  1  0  0  0  0]
[ 0  0  1  0  0  0]
[ 0  0  0  1  0  0]
[ 0  0  0  0 -1  0]
[ 0  0  0  0  0 -1]

Point counts are [
    [ 64, 3 ],
    [ 111, 5 ],
    [ 480, 7 ],
    [ 2416, 11 ],
    [ 2240, 13 ],
    [ 4704, 17 ]
]

Good point counts are [
    [ 64, 3 ],
    [ 111, 5 ],
    [ 480, 7 ],
    [ 2416, 11 ],
    [ 2240, 13 ],
    [ 4704, 17 ]
]

Level of weight 4 newform is [ 600, 10, 1 ]

First coefficient can be obtained from:  [ <11, 3>, <-3, 5>, <20, 7>, <96, 11>,
<2, 13>, <-6, 17> ]
Second coefficient is  <[ 0, 0, 0, 0, 0, 0 ], [ <-8, 5>, <13, 7>, <85, 11>,
<-11, 13>, <-23, 17> ]>


---------------------------------------------------------


Transformation matrix is:
[0 0 1 0 0 0]
[0 0 0 1 0 0]
[1 0 0 0 0 0]
[0 1 0 0 0 0]
[0 0 0 0 1 0]
[0 0 0 0 0 1]

Diagonal matrix is:
[ 1  0  0  0  0  0]
[ 0  1  0  0  0  0]
[ 0  0  1  0  0  0]
[ 0  0  0  1  0  0]
[ 0  0  0  0 -1  0]
[ 0  0  0  0  0 -1]

Point counts are [
    [ 64, 3 ],
    [ 111, 5 ],
    [ 480, 7 ],
    [ 2416, 11 ],
    [ 2240, 13 ],
    [ 4704, 17 ]
]

Good point counts are [
    [ 64, 3 ],
    [ 111, 5 ],
    [ 480, 7 ],
    [ 2416, 11 ],
    [ 2240, 13 ],
    [ 4704, 17 ]
]

Level of weight 4 newform is [ 600, 10, 1 ]

First coefficient can be obtained from:  [ <11, 3>, <-3, 5>, <20, 7>, <96, 11>,
<2, 13>, <-6, 17> ]
Second coefficient is  <[ 0, 0, 0, 0, 0, 0 ], [ <-8, 5>, <13, 7>, <85, 11>,
<-11, 13>, <-23, 17> ]>


---------------------------------------------------------


Transformation matrix is:
[0 0 1 0 0 0]
[0 0 0 0 0 1]
[1 0 0 0 0 0]
[0 0 0 1 0 0]
[0 0 0 0 1 0]
[0 1 0 0 0 0]

Diagonal matrix is:
[ 1  0  0  0  0  0]
[ 0  1  0  0  0  0]
[ 0  0  1  0  0  0]
[ 0  0  0  1  0  0]
[ 0  0  0  0 -1  0]
[ 0  0  0  0  0 -1]

Point counts are [
    [ 64, 3 ],
    [ 111, 5 ],
    [ 480, 7 ],
    [ 2416, 11 ],
    [ 2240, 13 ],
    [ 4704, 17 ]
]

Good point counts are [
    [ 64, 3 ],
    [ 111, 5 ],
    [ 480, 7 ],
    [ 2416, 11 ],
    [ 2240, 13 ],
    [ 4704, 17 ]
]

Level of weight 4 newform is [ 600, 10, 1 ]

First coefficient can be obtained from:  [ <11, 3>, <-3, 5>, <20, 7>, <96, 11>,
<2, 13>, <-6, 17> ]
Second coefficient is  <[ 0, 0, 0, 0, 0, 0 ], [ <-8, 5>, <13, 7>, <85, 11>,
<-11, 13>, <-23, 17> ]>


---------------------------------------------------------


Transformation matrix is:
[0 0 0 1 0 0]
[0 1 0 0 0 0]
[0 0 1 0 0 0]
[1 0 0 0 0 0]
[0 0 0 0 1 0]
[0 0 0 0 0 1]

Diagonal matrix is:
[ 1  0  0  0  0  0]
[ 0  1  0  0  0  0]
[ 0  0  1  0  0  0]
[ 0  0  0  1  0  0]
[ 0  0  0  0  1  0]
[ 0  0  0  0  0 -1]



---------------------------------------------------------


Transformation matrix is:
[0 0 0 1 0 0]
[0 1 0 0 0 0]
[0 0 0 0 0 1]
[1 0 0 0 0 0]
[0 0 0 0 1 0]
[0 0 1 0 0 0]

Diagonal matrix is:
[ 1  0  0  0  0  0]
[ 0  1  0  0  0  0]
[ 0  0  1  0  0  0]
[ 0  0  0  1  0  0]
[ 0  0  0  0 -1  0]
[ 0  0  0  0  0 -1]

Point counts are [
    [ 64, 3 ],
    [ 111, 5 ],
    [ 480, 7 ],
    [ 2416, 11 ],
    [ 2240, 13 ],
    [ 4704, 17 ]
]

Good point counts are [
    [ 64, 3 ],
    [ 111, 5 ],
    [ 480, 7 ],
    [ 2416, 11 ],
    [ 2240, 13 ],
    [ 4704, 17 ]
]

Level of weight 4 newform is [ 600, 10, 1 ]

First coefficient can be obtained from:  [ <11, 3>, <-3, 5>, <20, 7>, <96, 11>,
<2, 13>, <-6, 17> ]
Second coefficient is  <[ 0, 0, 0, 0, 0, 0 ], [ <-8, 5>, <13, 7>, <85, 11>,
<-11, 13>, <-23, 17> ]>


---------------------------------------------------------


Transformation matrix is:
[0 0 0 1 0 0]
[0 0 1 0 0 0]
[0 1 0 0 0 0]
[1 0 0 0 0 0]
[0 0 0 0 1 0]
[0 0 0 0 0 1]

Diagonal matrix is:
[ 1  0  0  0  0  0]
[ 0  1  0  0  0  0]
[ 0  0  1  0  0  0]
[ 0  0  0  1  0  0]
[ 0  0  0  0 -1  0]
[ 0  0  0  0  0 -1]

Point counts are [
    [ 64, 3 ],
    [ 111, 5 ],
    [ 480, 7 ],
    [ 2416, 11 ],
    [ 2240, 13 ],
    [ 4704, 17 ]
]

Good point counts are [
    [ 64, 3 ],
    [ 111, 5 ],
    [ 480, 7 ],
    [ 2416, 11 ],
    [ 2240, 13 ],
    [ 4704, 17 ]
]

Level of weight 4 newform is [ 600, 10, 1 ]

First coefficient can be obtained from:  [ <11, 3>, <-3, 5>, <20, 7>, <96, 11>,
<2, 13>, <-6, 17> ]
Second coefficient is  <[ 0, 0, 0, 0, 0, 0 ], [ <-8, 5>, <13, 7>, <85, 11>,
<-11, 13>, <-23, 17> ]>


---------------------------------------------------------


Transformation matrix is:
[0 0 0 1 0 0]
[0 0 0 0 0 1]
[0 0 1 0 0 0]
[1 0 0 0 0 0]
[0 0 0 0 1 0]
[0 1 0 0 0 0]

Diagonal matrix is:
[ 1  0  0  0  0  0]
[ 0  1  0  0  0  0]
[ 0  0  1  0  0  0]
[ 0  0  0  1  0  0]
[ 0  0  0  0 -1  0]
[ 0  0  0  0  0 -1]

Point counts are [
    [ 64, 3 ],
    [ 111, 5 ],
    [ 480, 7 ],
    [ 2416, 11 ],
    [ 2240, 13 ],
    [ 4704, 17 ]
]

Good point counts are [
    [ 64, 3 ],
    [ 111, 5 ],
    [ 480, 7 ],
    [ 2416, 11 ],
    [ 2240, 13 ],
    [ 4704, 17 ]
]

Level of weight 4 newform is [ 600, 10, 1 ]

First coefficient can be obtained from:  [ <11, 3>, <-3, 5>, <20, 7>, <96, 11>,
<2, 13>, <-6, 17> ]
Second coefficient is  <[ 0, 0, 0, 0, 0, 0 ], [ <-8, 5>, <13, 7>, <85, 11>,
<-11, 13>, <-23, 17> ]>


---------------------------------------------------------


Transformation matrix is:
[0 0 0 0 0 1]
[0 1 0 0 0 0]
[0 0 1 0 0 0]
[0 0 0 1 0 0]
[0 0 0 0 1 0]
[1 0 0 0 0 0]

Diagonal matrix is:
[ 1  0  0  0  0  0]
[ 0  1  0  0  0  0]
[ 0  0  1  0  0  0]
[ 0  0  0  1  0  0]
[ 0  0  0  0  1  0]
[ 0  0  0  0  0 -1]



---------------------------------------------------------


Transformation matrix is:
[0 0 0 0 0 1]
[0 1 0 0 0 0]
[0 0 0 1 0 0]
[0 0 1 0 0 0]
[0 0 0 0 1 0]
[1 0 0 0 0 0]

Diagonal matrix is:
[ 1  0  0  0  0  0]
[ 0  1  0  0  0  0]
[ 0  0  1  0  0  0]
[ 0  0  0  1  0  0]
[ 0  0  0  0 -1  0]
[ 0  0  0  0  0 -1]

Point counts are [
    [ 64, 3 ],
    [ 111, 5 ],
    [ 480, 7 ],
    [ 2416, 11 ],
    [ 2240, 13 ],
    [ 4704, 17 ]
]

Good point counts are [
    [ 64, 3 ],
    [ 111, 5 ],
    [ 480, 7 ],
    [ 2416, 11 ],
    [ 2240, 13 ],
    [ 4704, 17 ]
]

Level of weight 4 newform is [ 600, 10, 1 ]

First coefficient can be obtained from:  [ <11, 3>, <-3, 5>, <20, 7>, <96, 11>,
<2, 13>, <-6, 17> ]
Second coefficient is  <[ 0, 0, 0, 0, 0, 0 ], [ <-8, 5>, <13, 7>, <85, 11>,
<-11, 13>, <-23, 17> ]>


---------------------------------------------------------


Transformation matrix is:
[0 0 0 0 0 1]
[0 0 1 0 0 0]
[0 1 0 0 0 0]
[0 0 0 1 0 0]
[0 0 0 0 1 0]
[1 0 0 0 0 0]

Diagonal matrix is:
[ 1  0  0  0  0  0]
[ 0  1  0  0  0  0]
[ 0  0  1  0  0  0]
[ 0  0  0  1  0  0]
[ 0  0  0  0 -1  0]
[ 0  0  0  0  0 -1]

Point counts are [
    [ 64, 3 ],
    [ 111, 5 ],
    [ 480, 7 ],
    [ 2416, 11 ],
    [ 2240, 13 ],
    [ 4704, 17 ]
]

Good point counts are [
    [ 64, 3 ],
    [ 111, 5 ],
    [ 480, 7 ],
    [ 2416, 11 ],
    [ 2240, 13 ],
    [ 4704, 17 ]
]

Level of weight 4 newform is [ 600, 10, 1 ]

First coefficient can be obtained from:  [ <11, 3>, <-3, 5>, <20, 7>, <96, 11>,
<2, 13>, <-6, 17> ]
Second coefficient is  <[ 0, 0, 0, 0, 0, 0 ], [ <-8, 5>, <13, 7>, <85, 11>,
<-11, 13>, <-23, 17> ]>


---------------------------------------------------------


Transformation matrix is:
[0 0 0 0 0 1]
[0 0 0 1 0 0]
[0 0 1 0 0 0]
[0 1 0 0 0 0]
[0 0 0 0 1 0]
[1 0 0 0 0 0]

Diagonal matrix is:
[ 1  0  0  0  0  0]
[ 0  1  0  0  0  0]
[ 0  0  1  0  0  0]
[ 0  0  0  1  0  0]
[ 0  0  0  0 -1  0]
[ 0  0  0  0  0 -1]

Point counts are [
    [ 64, 3 ],
    [ 111, 5 ],
    [ 480, 7 ],
    [ 2416, 11 ],
    [ 2240, 13 ],
    [ 4704, 17 ]
]

Good point counts are [
    [ 64, 3 ],
    [ 111, 5 ],
    [ 480, 7 ],
    [ 2416, 11 ],
    [ 2240, 13 ],
    [ 4704, 17 ]
]

Level of weight 4 newform is [ 600, 10, 1 ]

First coefficient can be obtained from:  [ <11, 3>, <-3, 5>, <20, 7>, <96, 11>,
<2, 13>, <-6, 17> ]
Second coefficient is  <[ 0, 0, 0, 0, 0, 0 ], [ <-8, 5>, <13, 7>, <85, 11>,
<-11, 13>, <-23, 17> ]>


---------------------------------------------------------
