Transformation matrix is:
[1 0 0 0 0 0]
[0 1 0 0 0 0]
[0 0 1 0 0 0]
[0 0 0 1 0 0]
[0 0 0 0 1 0]
[0 0 0 0 0 1]

Diagonal matrix is:
[1 0 0 0 0 0]
[0 1 0 0 0 0]
[0 0 1 0 0 0]
[0 0 0 1 0 0]
[0 0 0 0 1 0]
[0 0 0 0 0 1]

Point counts are [
    [ 112, 3 ],
    [ 272, 5 ],
    [ 496, 7 ],
    [ 1936, 11 ],
    [ 2288, 13 ],
    [ 5312, 17 ]
]

Good point counts are [
    [ 112, 3 ],
    [ 272, 5 ],
    [ 496, 7 ],
    [ 1936, 11 ],
    [ 2288, 13 ],
    [ 5312, 17 ]
]

Level of weight 4 newform is [ 192, 8, 1 ]

First coefficient can be obtained from:  [ <27, 3>, <28, 5>, <24, 7>, <56, 11>,
<4, 13>, <16, 17> ]
Second coefficient is  <[ 0, 0, 0, 0, 0, 0 ], [ <23, 5>, <17, 7>, <45, 11>, <-9,
13>, <-1, 17> ]>


---------------------------------------------------------


Transformation matrix is:
[1 0 0 0 0 0]
[0 1 0 0 0 0]
[0 0 1 0 0 0]
[0 0 0 0 1 0]
[0 0 0 1 0 0]
[0 0 0 0 0 1]

Diagonal matrix is:
[ 1  0  0  0  0  0]
[ 0  1  0  0  0  0]
[ 0  0  1  0  0  0]
[ 0  0  0  1  0  0]
[ 0  0  0  0  1  0]
[ 0  0  0  0  0 -1]



---------------------------------------------------------


Transformation matrix is:
[1 0 0 0 0 0]
[0 1 0 0 0 0]
[0 0 0 0 0 1]
[0 0 0 1 0 0]
[0 0 0 0 1 0]
[0 0 1 0 0 0]

Diagonal matrix is:
[ 1  0  0  0  0  0]
[ 0  1  0  0  0  0]
[ 0  0  1  0  0  0]
[ 0  0  0  1  0  0]
[ 0  0  0  0  1  0]
[ 0  0  0  0  0 -1]



---------------------------------------------------------


Transformation matrix is:
[1 0 0 0 0 0]
[0 1 0 0 0 0]
[0 0 0 0 0 1]
[0 0 0 0 1 0]
[0 0 0 1 0 0]
[0 0 1 0 0 0]

Diagonal matrix is:
[ 1  0  0  0  0  0]
[ 0  1  0  0  0  0]
[ 0  0  1  0  0  0]
[ 0  0  0  1  0  0]
[ 0  0  0  0 -1  0]
[ 0  0  0  0  0 -1]

Point counts are [
    [ 64, 3 ],
    [ 212, 5 ],
    [ 440, 7 ],
    [ 1628, 11 ],
    [ 2392, 13 ],
    [ 5380, 17 ]
]

Good point counts are [
    [ 64, 3 ],
    [ 212, 5 ],
    [ 440, 7 ],
    [ 1628, 11 ],
    [ 2392, 13 ],
    [ 5380, 17 ]
]

Level of weight 4 newform is [ 192, 8, 1 ]

First coefficient can be obtained from:  [ <11, 3>, <16, 5>, <16, 7>, <28, 11>,
<12, 13>, <20, 17> ]
Second coefficient is  <[ 0, 0, 0, 0, 0, 0 ], [ <11, 5>, <9, 7>, <17, 11>, <-1,
13>, <3, 17> ]>


---------------------------------------------------------


Transformation matrix is:
[1 0 0 0 0 0]
[0 0 1 0 0 0]
[0 1 0 0 0 0]
[0 0 0 1 0 0]
[0 0 0 0 1 0]
[0 0 0 0 0 1]

Diagonal matrix is:
[ 1  0  0  0  0  0]
[ 0  1  0  0  0  0]
[ 0  0  1  0  0  0]
[ 0  0  0  1  0  0]
[ 0  0  0  0  1  0]
[ 0  0  0  0  0 -1]



---------------------------------------------------------


Transformation matrix is:
[1 0 0 0 0 0]
[0 0 1 0 0 0]
[0 1 0 0 0 0]
[0 0 0 0 1 0]
[0 0 0 1 0 0]
[0 0 0 0 0 1]

Diagonal matrix is:
[ 1  0  0  0  0  0]
[ 0  1  0  0  0  0]
[ 0  0  1  0  0  0]
[ 0  0  0  1  0  0]
[ 0  0  0  0 -1  0]
[ 0  0  0  0  0 -1]

Point counts are [
    [ 64, 3 ],
    [ 212, 5 ],
    [ 440, 7 ],
    [ 1628, 11 ],
    [ 2392, 13 ],
    [ 5380, 17 ]
]

Good point counts are [
    [ 64, 3 ],
    [ 212, 5 ],
    [ 440, 7 ],
    [ 1628, 11 ],
    [ 2392, 13 ],
    [ 5380, 17 ]
]

Level of weight 4 newform is [ 192, 8, 1 ]

First coefficient can be obtained from:  [ <11, 3>, <16, 5>, <16, 7>, <28, 11>,
<12, 13>, <20, 17> ]
Second coefficient is  <[ 0, 0, 0, 0, 0, 0 ], [ <11, 5>, <9, 7>, <17, 11>, <-1,
13>, <3, 17> ]>


---------------------------------------------------------


Transformation matrix is:
[1 0 0 0 0 0]
[0 0 0 0 0 1]
[0 0 1 0 0 0]
[0 0 0 1 0 0]
[0 0 0 0 1 0]
[0 1 0 0 0 0]

Diagonal matrix is:
[ 1  0  0  0  0  0]
[ 0  1  0  0  0  0]
[ 0  0  1  0  0  0]
[ 0  0  0  1  0  0]
[ 0  0  0  0  1  0]
[ 0  0  0  0  0 -1]



---------------------------------------------------------


Transformation matrix is:
[1 0 0 0 0 0]
[0 0 0 0 0 1]
[0 0 1 0 0 0]
[0 0 0 0 1 0]
[0 0 0 1 0 0]
[0 1 0 0 0 0]

Diagonal matrix is:
[ 1  0  0  0  0  0]
[ 0  1  0  0  0  0]
[ 0  0  1  0  0  0]
[ 0  0  0  1  0  0]
[ 0  0  0  0 -1  0]
[ 0  0  0  0  0 -1]

Point counts are [
    [ 64, 3 ],
    [ 212, 5 ],
    [ 440, 7 ],
    [ 1628, 11 ],
    [ 2392, 13 ],
    [ 5380, 17 ]
]

Good point counts are [
    [ 64, 3 ],
    [ 212, 5 ],
    [ 440, 7 ],
    [ 1628, 11 ],
    [ 2392, 13 ],
    [ 5380, 17 ]
]

Level of weight 4 newform is [ 192, 8, 1 ]

First coefficient can be obtained from:  [ <11, 3>, <16, 5>, <16, 7>, <28, 11>,
<12, 13>, <20, 17> ]
Second coefficient is  <[ 0, 0, 0, 0, 0, 0 ], [ <11, 5>, <9, 7>, <17, 11>, <-1,
13>, <3, 17> ]>


---------------------------------------------------------


Transformation matrix is:
[0 1 0 0 0 0]
[1 0 0 0 0 0]
[0 0 1 0 0 0]
[0 0 0 1 0 0]
[0 0 0 0 1 0]
[0 0 0 0 0 1]

Diagonal matrix is:
[ 1  0  0  0  0  0]
[ 0  1  0  0  0  0]
[ 0  0  1  0  0  0]
[ 0  0  0  1  0  0]
[ 0  0  0  0  1  0]
[ 0  0  0  0  0 -1]



---------------------------------------------------------


Transformation matrix is:
[0 1 0 0 0 0]
[1 0 0 0 0 0]
[0 0 1 0 0 0]
[0 0 0 0 1 0]
[0 0 0 1 0 0]
[0 0 0 0 0 1]

Diagonal matrix is:
[ 1  0  0  0  0  0]
[ 0  1  0  0  0  0]
[ 0  0  1  0  0  0]
[ 0  0  0  1  0  0]
[ 0  0  0  0 -1  0]
[ 0  0  0  0  0 -1]

Point counts are [
    [ 64, 3 ],
    [ 212, 5 ],
    [ 440, 7 ],
    [ 1628, 11 ],
    [ 2392, 13 ],
    [ 5380, 17 ]
]

Good point counts are [
    [ 64, 3 ],
    [ 212, 5 ],
    [ 440, 7 ],
    [ 1628, 11 ],
    [ 2392, 13 ],
    [ 5380, 17 ]
]

Level of weight 4 newform is [ 192, 8, 1 ]

First coefficient can be obtained from:  [ <11, 3>, <16, 5>, <16, 7>, <28, 11>,
<12, 13>, <20, 17> ]
Second coefficient is  <[ 0, 0, 0, 0, 0, 0 ], [ <11, 5>, <9, 7>, <17, 11>, <-1,
13>, <3, 17> ]>


---------------------------------------------------------


Transformation matrix is:
[0 1 0 0 0 0]
[1 0 0 0 0 0]
[0 0 0 0 0 1]
[0 0 0 1 0 0]
[0 0 0 0 1 0]
[0 0 1 0 0 0]

Diagonal matrix is:
[ 1  0  0  0  0  0]
[ 0  1  0  0  0  0]
[ 0  0  1  0  0  0]
[ 0  0  0  1  0  0]
[ 0  0  0  0 -1  0]
[ 0  0  0  0  0 -1]

Point counts are [
    [ 64, 3 ],
    [ 192, 5 ],
    [ 440, 7 ],
    [ 1584, 11 ],
    [ 2288, 13 ],
    [ 5584, 17 ]
]

Good point counts are [
    [ 64, 3 ],
    [ 192, 5 ],
    [ 440, 7 ],
    [ 1584, 11 ],
    [ 2288, 13 ],
    [ 5584, 17 ]
]

Level of weight 4 newform is [ 192, 8, 1 ]

First coefficient can be obtained from:  [ <11, 3>, <12, 5>, <16, 7>, <24, 11>,
<4, 13>, <32, 17> ]
Second coefficient is  <[ 0, 0, 0, 0, 0, 0 ], [ <7, 5>, <9, 7>, <13, 11>, <-9,
13>, <15, 17> ]>


---------------------------------------------------------


Transformation matrix is:
[0 1 0 0 0 0]
[1 0 0 0 0 0]
[0 0 0 0 0 1]
[0 0 0 0 1 0]
[0 0 0 1 0 0]
[0 0 1 0 0 0]

Diagonal matrix is:
[ 1  0  0  0  0  0]
[ 0  1  0  0  0  0]
[ 0  0  1  0  0  0]
[ 0  0  0 -1  0  0]
[ 0  0  0  0 -1  0]
[ 0  0  0  0  0 -1]



---------------------------------------------------------


Transformation matrix is:
[0 0 1 0 0 0]
[0 1 0 0 0 0]
[1 0 0 0 0 0]
[0 0 0 1 0 0]
[0 0 0 0 1 0]
[0 0 0 0 0 1]

Diagonal matrix is:
[ 1  0  0  0  0  0]
[ 0  1  0  0  0  0]
[ 0  0  1  0  0  0]
[ 0  0  0  1  0  0]
[ 0  0  0  0  1  0]
[ 0  0  0  0  0 -1]



---------------------------------------------------------


Transformation matrix is:
[0 0 1 0 0 0]
[0 1 0 0 0 0]
[1 0 0 0 0 0]
[0 0 0 0 1 0]
[0 0 0 1 0 0]
[0 0 0 0 0 1]

Diagonal matrix is:
[ 1  0  0  0  0  0]
[ 0  1  0  0  0  0]
[ 0  0  1  0  0  0]
[ 0  0  0  1  0  0]
[ 0  0  0  0 -1  0]
[ 0  0  0  0  0 -1]

Point counts are [
    [ 64, 3 ],
    [ 212, 5 ],
    [ 440, 7 ],
    [ 1628, 11 ],
    [ 2392, 13 ],
    [ 5380, 17 ]
]

Good point counts are [
    [ 64, 3 ],
    [ 212, 5 ],
    [ 440, 7 ],
    [ 1628, 11 ],
    [ 2392, 13 ],
    [ 5380, 17 ]
]

Level of weight 4 newform is [ 192, 8, 1 ]

First coefficient can be obtained from:  [ <11, 3>, <16, 5>, <16, 7>, <28, 11>,
<12, 13>, <20, 17> ]
Second coefficient is  <[ 0, 0, 0, 0, 0, 0 ], [ <11, 5>, <9, 7>, <17, 11>, <-1,
13>, <3, 17> ]>


---------------------------------------------------------


Transformation matrix is:
[0 0 1 0 0 0]
[0 0 0 0 0 1]
[1 0 0 0 0 0]
[0 0 0 1 0 0]
[0 0 0 0 1 0]
[0 1 0 0 0 0]

Diagonal matrix is:
[ 1  0  0  0  0  0]
[ 0  1  0  0  0  0]
[ 0  0  1  0  0  0]
[ 0  0  0  1  0  0]
[ 0  0  0  0 -1  0]
[ 0  0  0  0  0 -1]

Point counts are [
    [ 64, 3 ],
    [ 192, 5 ],
    [ 440, 7 ],
    [ 1584, 11 ],
    [ 2288, 13 ],
    [ 5584, 17 ]
]

Good point counts are [
    [ 64, 3 ],
    [ 192, 5 ],
    [ 440, 7 ],
    [ 1584, 11 ],
    [ 2288, 13 ],
    [ 5584, 17 ]
]

Level of weight 4 newform is [ 192, 8, 1 ]

First coefficient can be obtained from:  [ <11, 3>, <12, 5>, <16, 7>, <24, 11>,
<4, 13>, <32, 17> ]
Second coefficient is  <[ 0, 0, 0, 0, 0, 0 ], [ <7, 5>, <9, 7>, <13, 11>, <-9,
13>, <15, 17> ]>


---------------------------------------------------------


Transformation matrix is:
[0 0 1 0 0 0]
[0 0 0 0 0 1]
[1 0 0 0 0 0]
[0 0 0 0 1 0]
[0 0 0 1 0 0]
[0 1 0 0 0 0]

Diagonal matrix is:
[ 1  0  0  0  0  0]
[ 0  1  0  0  0  0]
[ 0  0  1  0  0  0]
[ 0  0  0 -1  0  0]
[ 0  0  0  0 -1  0]
[ 0  0  0  0  0 -1]



---------------------------------------------------------


Transformation matrix is:
[0 0 0 0 0 1]
[0 1 0 0 0 0]
[0 0 1 0 0 0]
[0 0 0 1 0 0]
[0 0 0 0 1 0]
[1 0 0 0 0 0]

Diagonal matrix is:
[ 1  0  0  0  0  0]
[ 0  1  0  0  0  0]
[ 0  0  1  0  0  0]
[ 0  0  0  1  0  0]
[ 0  0  0  0  1  0]
[ 0  0  0  0  0 -1]



---------------------------------------------------------


Transformation matrix is:
[0 0 0 0 0 1]
[0 1 0 0 0 0]
[0 0 1 0 0 0]
[0 0 0 0 1 0]
[0 0 0 1 0 0]
[1 0 0 0 0 0]

Diagonal matrix is:
[ 1  0  0  0  0  0]
[ 0  1  0  0  0  0]
[ 0  0  1  0  0  0]
[ 0  0  0  1  0  0]
[ 0  0  0  0 -1  0]
[ 0  0  0  0  0 -1]

Point counts are [
    [ 64, 3 ],
    [ 212, 5 ],
    [ 440, 7 ],
    [ 1628, 11 ],
    [ 2392, 13 ],
    [ 5380, 17 ]
]

Good point counts are [
    [ 64, 3 ],
    [ 212, 5 ],
    [ 440, 7 ],
    [ 1628, 11 ],
    [ 2392, 13 ],
    [ 5380, 17 ]
]

Level of weight 4 newform is [ 192, 8, 1 ]

First coefficient can be obtained from:  [ <11, 3>, <16, 5>, <16, 7>, <28, 11>,
<12, 13>, <20, 17> ]
Second coefficient is  <[ 0, 0, 0, 0, 0, 0 ], [ <11, 5>, <9, 7>, <17, 11>, <-1,
13>, <3, 17> ]>


---------------------------------------------------------


Transformation matrix is:
[0 0 0 0 0 1]
[0 0 1 0 0 0]
[0 1 0 0 0 0]
[0 0 0 1 0 0]
[0 0 0 0 1 0]
[1 0 0 0 0 0]

Diagonal matrix is:
[ 1  0  0  0  0  0]
[ 0  1  0  0  0  0]
[ 0  0  1  0  0  0]
[ 0  0  0  1  0  0]
[ 0  0  0  0 -1  0]
[ 0  0  0  0  0 -1]

Point counts are [
    [ 64, 3 ],
    [ 192, 5 ],
    [ 440, 7 ],
    [ 1584, 11 ],
    [ 2288, 13 ],
    [ 5584, 17 ]
]

Good point counts are [
    [ 64, 3 ],
    [ 192, 5 ],
    [ 440, 7 ],
    [ 1584, 11 ],
    [ 2288, 13 ],
    [ 5584, 17 ]
]

Level of weight 4 newform is [ 192, 8, 1 ]

First coefficient can be obtained from:  [ <11, 3>, <12, 5>, <16, 7>, <24, 11>,
<4, 13>, <32, 17> ]
Second coefficient is  <[ 0, 0, 0, 0, 0, 0 ], [ <7, 5>, <9, 7>, <13, 11>, <-9,
13>, <15, 17> ]>


---------------------------------------------------------


Transformation matrix is:
[0 0 0 0 0 1]
[0 0 1 0 0 0]
[0 1 0 0 0 0]
[0 0 0 0 1 0]
[0 0 0 1 0 0]
[1 0 0 0 0 0]

Diagonal matrix is:
[ 1  0  0  0  0  0]
[ 0  1  0  0  0  0]
[ 0  0  1  0  0  0]
[ 0  0  0 -1  0  0]
[ 0  0  0  0 -1  0]
[ 0  0  0  0  0 -1]



---------------------------------------------------------
