Transformation matrix is:
[1 0 0 0 0 0]
[0 1 0 0 0 0]
[0 0 1 0 0 0]
[0 0 0 1 0 0]
[0 0 0 0 1 0]
[0 0 0 0 0 1]

Diagonal matrix is:
[1 0 0 0 0 0]
[0 1 0 0 0 0]
[0 0 1 0 0 0]
[0 0 0 1 0 0]
[0 0 0 0 1 0]
[0 0 0 0 0 1]

Point counts are [
    [ 130, 3 ],
    [ 288, 5 ],
    [ 704, 7 ],
    [ 2544, 11 ],
    [ 3856, 13 ],
    [ 8048, 17 ]
]

Good point counts are [
    [ 130, 3 ],
    [ 288, 5 ],
    [ 704, 7 ],
    [ 2544, 11 ],
    [ 3856, 13 ],
    [ 8048, 17 ]
]

Level of weight 4 newform is [ 384, 3, 1 ]

First coefficient can be obtained from:  [ <35, 3>, <34, 5>, <50, 7>, <104, 11>,
<124, 13>, <180, 17> ]
Second coefficient is  <[ 0, 0, 0, 0, 0, 0 ], [ <29, 5>, <43, 7>, <93, 11>,
<111, 13>, <163, 17> ]>


---------------------------------------------------------


Transformation matrix is:
[1 0 0 0 0 0]
[0 1 0 0 0 0]
[0 0 0 0 0 1]
[0 0 0 1 0 0]
[0 0 0 0 1 0]
[0 0 1 0 0 0]

Diagonal matrix is:
[ 1  0  0  0  0  0]
[ 0  1  0  0  0  0]
[ 0  0  1  0  0  0]
[ 0  0  0  1  0  0]
[ 0  0  0  0  1  0]
[ 0  0  0  0  0 -1]



---------------------------------------------------------


Transformation matrix is:
[1 0 0 0 0 0]
[0 0 1 0 0 0]
[0 1 0 0 0 0]
[0 0 0 1 0 0]
[0 0 0 0 1 0]
[0 0 0 0 0 1]

Diagonal matrix is:
[ 1  0  0  0  0  0]
[ 0  1  0  0  0  0]
[ 0  0  1  0  0  0]
[ 0  0  0  1  0  0]
[ 0  0  0  0  1  0]
[ 0  0  0  0  0 -1]



---------------------------------------------------------


Transformation matrix is:
[1 0 0 0 0 0]
[0 0 0 0 0 1]
[0 0 1 0 0 0]
[0 0 0 1 0 0]
[0 0 0 0 1 0]
[0 1 0 0 0 0]

Diagonal matrix is:
[ 1  0  0  0  0  0]
[ 0  1  0  0  0  0]
[ 0  0  1  0  0  0]
[ 0  0  0  1  0  0]
[ 0  0  0  0  1  0]
[ 0  0  0  0  0 -1]



---------------------------------------------------------


Transformation matrix is:
[0 1 0 0 0 0]
[1 0 0 0 0 0]
[0 0 1 0 0 0]
[0 0 0 1 0 0]
[0 0 0 0 1 0]
[0 0 0 0 0 1]

Diagonal matrix is:
[ 1  0  0  0  0  0]
[ 0  1  0  0  0  0]
[ 0  0  1  0  0  0]
[ 0  0  0  1  0  0]
[ 0  0  0  0  1  0]
[ 0  0  0  0  0 -1]



---------------------------------------------------------


Transformation matrix is:
[0 1 0 0 0 0]
[1 0 0 0 0 0]
[0 0 0 0 0 1]
[0 0 0 1 0 0]
[0 0 0 0 1 0]
[0 0 1 0 0 0]

Diagonal matrix is:
[ 1  0  0  0  0  0]
[ 0  1  0  0  0  0]
[ 0  0  1  0  0  0]
[ 0  0  0  1  0  0]
[ 0  0  0  0 -1  0]
[ 0  0  0  0  0 -1]

Point counts are [
    [ 70, 3 ],
    [ 198, 5 ],
    [ 494, 7 ],
    [ 1906, 11 ],
    [ 2946, 13 ],
    [ 6314, 17 ]
]

Good point counts are [
    [ 70, 3 ],
    [ 198, 5 ],
    [ 494, 7 ],
    [ 1906, 11 ],
    [ 2946, 13 ],
    [ 6314, 17 ]
]

Level of weight 4 newform is [ 384, 3, 1 ]

First coefficient can be obtained from:  [ <15, 3>, <16, 5>, <20, 7>, <46, 11>,
<54, 13>, <78, 17> ]
Second coefficient is  <[ 0, 0, 0, 0, 0, 0 ], [ <11, 5>, <13, 7>, <35, 11>, <41,
13>, <61, 17> ]>


---------------------------------------------------------


Transformation matrix is:
[0 0 1 0 0 0]
[0 1 0 0 0 0]
[1 0 0 0 0 0]
[0 0 0 1 0 0]
[0 0 0 0 1 0]
[0 0 0 0 0 1]

Diagonal matrix is:
[ 1  0  0  0  0  0]
[ 0  1  0  0  0  0]
[ 0  0  1  0  0  0]
[ 0  0  0  1  0  0]
[ 0  0  0  0  1  0]
[ 0  0  0  0  0 -1]



---------------------------------------------------------


Transformation matrix is:
[0 0 1 0 0 0]
[0 0 0 0 0 1]
[1 0 0 0 0 0]
[0 0 0 1 0 0]
[0 0 0 0 1 0]
[0 1 0 0 0 0]

Diagonal matrix is:
[ 1  0  0  0  0  0]
[ 0  1  0  0  0  0]
[ 0  0  1  0  0  0]
[ 0  0  0  1  0  0]
[ 0  0  0  0 -1  0]
[ 0  0  0  0  0 -1]

Point counts are [
    [ 70, 3 ],
    [ 198, 5 ],
    [ 494, 7 ],
    [ 1906, 11 ],
    [ 2946, 13 ],
    [ 6314, 17 ]
]

Good point counts are [
    [ 70, 3 ],
    [ 198, 5 ],
    [ 494, 7 ],
    [ 1906, 11 ],
    [ 2946, 13 ],
    [ 6314, 17 ]
]

Level of weight 4 newform is [ 384, 3, 1 ]

First coefficient can be obtained from:  [ <15, 3>, <16, 5>, <20, 7>, <46, 11>,
<54, 13>, <78, 17> ]
Second coefficient is  <[ 0, 0, 0, 0, 0, 0 ], [ <11, 5>, <13, 7>, <35, 11>, <41,
13>, <61, 17> ]>


---------------------------------------------------------


Transformation matrix is:
[0 0 0 0 0 1]
[0 1 0 0 0 0]
[0 0 1 0 0 0]
[0 0 0 1 0 0]
[0 0 0 0 1 0]
[1 0 0 0 0 0]

Diagonal matrix is:
[ 1  0  0  0  0  0]
[ 0  1  0  0  0  0]
[ 0  0  1  0  0  0]
[ 0  0  0  1  0  0]
[ 0  0  0  0  1  0]
[ 0  0  0  0  0 -1]



---------------------------------------------------------


Transformation matrix is:
[0 0 0 0 0 1]
[0 0 1 0 0 0]
[0 1 0 0 0 0]
[0 0 0 1 0 0]
[0 0 0 0 1 0]
[1 0 0 0 0 0]

Diagonal matrix is:
[ 1  0  0  0  0  0]
[ 0  1  0  0  0  0]
[ 0  0  1  0  0  0]
[ 0  0  0  1  0  0]
[ 0  0  0  0 -1  0]
[ 0  0  0  0  0 -1]

Point counts are [
    [ 70, 3 ],
    [ 198, 5 ],
    [ 494, 7 ],
    [ 1906, 11 ],
    [ 2946, 13 ],
    [ 6314, 17 ]
]

Good point counts are [
    [ 70, 3 ],
    [ 198, 5 ],
    [ 494, 7 ],
    [ 1906, 11 ],
    [ 2946, 13 ],
    [ 6314, 17 ]
]

Level of weight 4 newform is [ 384, 3, 1 ]

First coefficient can be obtained from:  [ <15, 3>, <16, 5>, <20, 7>, <46, 11>,
<54, 13>, <78, 17> ]
Second coefficient is  <[ 0, 0, 0, 0, 0, 0 ], [ <11, 5>, <13, 7>, <35, 11>, <41,
13>, <61, 17> ]>


---------------------------------------------------------
