Transformation matrix is:
[1 0 0 0 0 0]
[0 1 0 0 0 0]
[0 0 1 0 0 0]
[0 0 0 1 0 0]
[0 0 0 0 1 0]
[0 0 0 0 0 1]

Diagonal matrix is:
[1 0 0 0 0 0]
[0 1 0 0 0 0]
[0 0 1 0 0 0]
[0 0 0 1 0 0]
[0 0 0 0 1 0]
[0 0 0 0 0 1]

Point counts are [
    [ 130, 3 ],
    [ 330, 5 ],
    [ 762, 7 ],
    [ 2730, 11 ],
    [ 4058, 13 ],
    [ 8202, 17 ]
]

Good point counts are [
    [ 130, 3 ],
    [ 330, 5 ],
    [ 762, 7 ],
    [ 2730, 11 ],
    [ 4058, 13 ],
    [ 8202, 17 ]
]

Level of weight 4 newform is [ 48, 1, 1 ]

First coefficient can be obtained from:  [ <35, 3>, <42, 5>, <62, 7>, <126, 11>,
<146, 13>, <186, 17> ]
Second coefficient is  <[ 0, 0, 0, 0, 0, 0 ], [ <37, 5>, <55, 7>, <115, 11>,
<133, 13>, <169, 17> ]>


---------------------------------------------------------


Transformation matrix is:
[1 0 0 0 0 0]
[0 1 0 0 0 0]
[0 0 0 0 0 1]
[0 0 0 1 0 0]
[0 0 0 0 1 0]
[0 0 1 0 0 0]

Diagonal matrix is:
[ 1  0  0  0  0  0]
[ 0  1  0  0  0  0]
[ 0  0  1  0  0  0]
[ 0  0  0  1  0  0]
[ 0  0  0  0  1  0]
[ 0  0  0  0  0 -1]



---------------------------------------------------------


Transformation matrix is:
[0 1 0 0 0 0]
[1 0 0 0 0 0]
[0 0 1 0 0 0]
[0 0 0 1 0 0]
[0 0 0 0 1 0]
[0 0 0 0 0 1]

Diagonal matrix is:
[ 1  0  0  0  0  0]
[ 0  1  0  0  0  0]
[ 0  0  1  0  0  0]
[ 0  0  0  1  0  0]
[ 0  0  0  0  1  0]
[ 0  0  0  0  0 -1]



---------------------------------------------------------


Transformation matrix is:
[0 1 0 0 0 0]
[1 0 0 0 0 0]
[0 0 0 0 0 1]
[0 0 0 1 0 0]
[0 0 0 0 1 0]
[0 0 1 0 0 0]

Diagonal matrix is:
[ 1  0  0  0  0  0]
[ 0  1  0  0  0  0]
[ 0  0  1  0  0  0]
[ 0  0  0  1  0  0]
[ 0  0  0  0 -1  0]
[ 0  0  0  0  0 -1]

Point counts are [
    [ 106, 3 ],
    [ 310, 5 ],
    [ 678, 7 ],
    [ 2422, 11 ],
    [ 3642, 13 ],
    [ 7454, 17 ]
]

Good point counts are [
    [ 106, 3 ],
    [ 310, 5 ],
    [ 678, 7 ],
    [ 2422, 11 ],
    [ 3642, 13 ],
    [ 7454, 17 ]
]

Level of weight 4 newform is [ 48, 1, 1 ]

First coefficient can be obtained from:  [ <27, 3>, <38, 5>, <50, 7>, <98, 11>,
<114, 13>, <142, 17> ]
Second coefficient is  <[ 0, 0, 0, 0, 0, 0 ], [ <33, 5>, <43, 7>, <87, 11>,
<101, 13>, <125, 17> ]>


---------------------------------------------------------
