Transformation matrix is:
[1 0 0 0 0 0]
[0 1 0 0 0 0]
[0 0 1 0 0 0]
[0 0 0 1 0 0]
[0 0 0 0 1 0]
[0 0 0 0 0 1]

Diagonal matrix is:
[1 0 0 0 0 0]
[0 1 0 0 0 0]
[0 0 1 0 0 0]
[0 0 0 1 0 0]
[0 0 0 0 1 0]
[0 0 0 0 0 1]

Point counts are [
    [ 121, 3 ],
    [ 236, 5 ],
    [ 476, 7 ],
    [ 1172, 11 ],
    [ 2036, 13 ],
    [ 4844, 17 ]
]

Good point counts are [
    [ 121, 3 ],
    [ 236, 5 ],
    [ 476, 7 ],
    [ 1172, 11 ],
    [ 2036, 13 ],
    [ 4844, 17 ]
]

Level of weight 4 newform is [ 360, 8, 1 ]

First coefficient can be obtained from:  [ <31, 3>, <23, 5>, <14, 7>, <-16, 11>,
<-8, 13>, <0, 17> ]
Second coefficient is  <[ 0, 0, 0, 0, 0, 0 ], [ <18, 5>, <7, 7>, <-27, 11>,
<-21, 13>, <-17, 17> ]>


---------------------------------------------------------


Transformation matrix is:
[1 0 0 0 0 0]
[0 1 0 0 0 0]
[0 0 1 0 0 0]
[0 0 0 0 1 0]
[0 0 0 1 0 0]
[0 0 0 0 0 1]

Diagonal matrix is:
[ 1  0  0  0  0  0]
[ 0  1  0  0  0  0]
[ 0  0  1  0  0  0]
[ 0  0  0  1  0  0]
[ 0  0  0  0  1  0]
[ 0  0  0  0  0 -1]



---------------------------------------------------------


Transformation matrix is:
[1 0 0 0 0 0]
[0 0 1 0 0 0]
[0 1 0 0 0 0]
[0 0 0 1 0 0]
[0 0 0 0 1 0]
[0 0 0 0 0 1]

Diagonal matrix is:
[ 1  0  0  0  0  0]
[ 0  1  0  0  0  0]
[ 0  0  1  0  0  0]
[ 0  0  0  1  0  0]
[ 0  0  0  0  1  0]
[ 0  0  0  0  0 -1]



---------------------------------------------------------


Transformation matrix is:
[1 0 0 0 0 0]
[0 0 1 0 0 0]
[0 1 0 0 0 0]
[0 0 0 0 1 0]
[0 0 0 1 0 0]
[0 0 0 0 0 1]

Diagonal matrix is:
[ 1  0  0  0  0  0]
[ 0  1  0  0  0  0]
[ 0  0  1  0  0  0]
[ 0  0  0  1  0  0]
[ 0  0  0  0 -1  0]
[ 0  0  0  0  0 -1]

Point counts are [
    [ 94, 3 ],
    [ 196, 5 ],
    [ 490, 7 ],
    [ 1260, 11 ],
    [ 2296, 13 ],
    [ 4878, 17 ]
]

Good point counts are [
    [ 94, 3 ],
    [ 196, 5 ],
    [ 490, 7 ],
    [ 1260, 11 ],
    [ 2296, 13 ],
    [ 4878, 17 ]
]

Level of weight 4 newform is [ 360, 8, 1 ]

First coefficient can be obtained from:  [ <22, 3>, <15, 5>, <16, 7>, <-8, 11>,
<12, 13>, <2, 17> ]
Second coefficient is  <[ 0, 0, 0, 0, 0, 0 ], [ <10, 5>, <9, 7>, <-19, 11>, <-1,
13>, <-15, 17> ]>


---------------------------------------------------------


Transformation matrix is:
[0 1 0 0 0 0]
[1 0 0 0 0 0]
[0 0 1 0 0 0]
[0 0 0 1 0 0]
[0 0 0 0 1 0]
[0 0 0 0 0 1]

Diagonal matrix is:
[ 1  0  0  0  0  0]
[ 0  1  0  0  0  0]
[ 0  0  1  0  0  0]
[ 0  0  0  1  0  0]
[ 0  0  0  0  1  0]
[ 0  0  0  0  0 -1]



---------------------------------------------------------


Transformation matrix is:
[0 1 0 0 0 0]
[1 0 0 0 0 0]
[0 0 1 0 0 0]
[0 0 0 0 1 0]
[0 0 0 1 0 0]
[0 0 0 0 0 1]

Diagonal matrix is:
[ 1  0  0  0  0  0]
[ 0  1  0  0  0  0]
[ 0  0  1  0  0  0]
[ 0  0  0  1  0  0]
[ 0  0  0  0 -1  0]
[ 0  0  0  0  0 -1]

Point counts are [
    [ 94, 3 ],
    [ 196, 5 ],
    [ 490, 7 ],
    [ 1260, 11 ],
    [ 2296, 13 ],
    [ 4878, 17 ]
]

Good point counts are [
    [ 94, 3 ],
    [ 196, 5 ],
    [ 490, 7 ],
    [ 1260, 11 ],
    [ 2296, 13 ],
    [ 4878, 17 ]
]

Level of weight 4 newform is [ 360, 8, 1 ]

First coefficient can be obtained from:  [ <22, 3>, <15, 5>, <16, 7>, <-8, 11>,
<12, 13>, <2, 17> ]
Second coefficient is  <[ 0, 0, 0, 0, 0, 0 ], [ <10, 5>, <9, 7>, <-19, 11>, <-1,
13>, <-15, 17> ]>


---------------------------------------------------------


Transformation matrix is:
[0 0 1 0 0 0]
[0 1 0 0 0 0]
[1 0 0 0 0 0]
[0 0 0 1 0 0]
[0 0 0 0 1 0]
[0 0 0 0 0 1]

Diagonal matrix is:
[ 1  0  0  0  0  0]
[ 0  1  0  0  0  0]
[ 0  0  1  0  0  0]
[ 0  0  0  1  0  0]
[ 0  0  0  0  1  0]
[ 0  0  0  0  0 -1]



---------------------------------------------------------


Transformation matrix is:
[0 0 1 0 0 0]
[0 1 0 0 0 0]
[1 0 0 0 0 0]
[0 0 0 0 1 0]
[0 0 0 1 0 0]
[0 0 0 0 0 1]

Diagonal matrix is:
[ 1  0  0  0  0  0]
[ 0  1  0  0  0  0]
[ 0  0  1  0  0  0]
[ 0  0  0  1  0  0]
[ 0  0  0  0 -1  0]
[ 0  0  0  0  0 -1]

Point counts are [
    [ 94, 3 ],
    [ 196, 5 ],
    [ 490, 7 ],
    [ 1260, 11 ],
    [ 2296, 13 ],
    [ 4878, 17 ]
]

Good point counts are [
    [ 94, 3 ],
    [ 196, 5 ],
    [ 490, 7 ],
    [ 1260, 11 ],
    [ 2296, 13 ],
    [ 4878, 17 ]
]

Level of weight 4 newform is [ 360, 8, 1 ]

First coefficient can be obtained from:  [ <22, 3>, <15, 5>, <16, 7>, <-8, 11>,
<12, 13>, <2, 17> ]
Second coefficient is  <[ 0, 0, 0, 0, 0, 0 ], [ <10, 5>, <9, 7>, <-19, 11>, <-1,
13>, <-15, 17> ]>


---------------------------------------------------------
