Transformation matrix is:
[1 0 0 0 0 0]
[0 1 0 0 0 0]
[0 0 1 0 0 0]
[0 0 0 1 0 0]
[0 0 0 0 1 0]
[0 0 0 0 0 1]

Diagonal matrix is:
[1 0 0 0 0 0]
[0 1 0 0 0 0]
[0 0 1 0 0 0]
[0 0 0 1 0 0]
[0 0 0 0 1 0]
[0 0 0 0 0 1]

Point counts are [
    [ 130, 3 ],
    [ 26, 5 ],
    [ 1050, 7 ],
    [ 1034, 11 ],
    [ 3610, 13 ],
    [ 8250, 17 ]
]

Good point counts are [
    [ 130, 3 ],
    [ 26, 5 ],
    [ 1050, 7 ],
    [ 1034, 11 ],
    [ 3610, 13 ],
    [ 8250, 17 ]
]

Level of weight 4 newform is [ 240, 6, 1 ]

First coefficient can be obtained from:  [ <35, 3>, <-21, 5>, <98, 7>, <-22,
11>, <102, 13>, <190, 17> ]
Second coefficient is  <[ 0, 0, 0, 0, 0, 0 ], [ <-26, 5>, <91, 7>, <-33, 11>,
<89, 13>, <173, 17> ]>


---------------------------------------------------------


Transformation matrix is:
[1 0 0 0 0 0]
[0 1 0 0 0 0]
[0 0 1 0 0 0]
[0 0 0 0 0 1]
[0 0 0 0 1 0]
[0 0 0 1 0 0]

Diagonal matrix is:
[ 1  0  0  0  0  0]
[ 0  1  0  0  0  0]
[ 0  0  1  0  0  0]
[ 0  0  0  1  0  0]
[ 0  0  0  0  1  0]
[ 0  0  0  0  0 -1]



---------------------------------------------------------


Transformation matrix is:
[1 0 0 0 0 0]
[0 1 0 0 0 0]
[0 0 0 1 0 0]
[0 0 1 0 0 0]
[0 0 0 0 1 0]
[0 0 0 0 0 1]

Diagonal matrix is:
[ 1  0  0  0  0  0]
[ 0  1  0  0  0  0]
[ 0  0  1  0  0  0]
[ 0  0  0  1  0  0]
[ 0  0  0  0  1  0]
[ 0  0  0  0  0 -1]



---------------------------------------------------------


Transformation matrix is:
[1 0 0 0 0 0]
[0 1 0 0 0 0]
[0 0 0 0 0 1]
[0 0 0 1 0 0]
[0 0 0 0 1 0]
[0 0 1 0 0 0]

Diagonal matrix is:
[ 1  0  0  0  0  0]
[ 0  1  0  0  0  0]
[ 0  0  1  0  0  0]
[ 0  0  0  1  0  0]
[ 0  0  0  0  1  0]
[ 0  0  0  0  0 -1]



---------------------------------------------------------


Transformation matrix is:
[1 0 0 0 0 0]
[0 0 1 0 0 0]
[0 1 0 0 0 0]
[0 0 0 1 0 0]
[0 0 0 0 1 0]
[0 0 0 0 0 1]

Diagonal matrix is:
[ 1  0  0  0  0  0]
[ 0  1  0  0  0  0]
[ 0  0  1  0  0  0]
[ 0  0  0  1  0  0]
[ 0  0  0  0  1  0]
[ 0  0  0  0  0 -1]



---------------------------------------------------------


Transformation matrix is:
[1 0 0 0 0 0]
[0 0 1 0 0 0]
[0 1 0 0 0 0]
[0 0 0 0 0 1]
[0 0 0 0 1 0]
[0 0 0 1 0 0]

Diagonal matrix is:
[ 1  0  0  0  0  0]
[ 0  1  0  0  0  0]
[ 0  0  1  0  0  0]
[ 0  0  0  1  0  0]
[ 0  0  0  0 -1  0]
[ 0  0  0  0  0 -1]

Point counts are [
    [ 70, 3 ],
    [ 76, 5 ],
    [ 742, 7 ],
    [ 1166, 11 ],
    [ 3038, 13 ],
    [ 6958, 17 ]
]

Good point counts are [
    [ 70, 3 ],
    [ 76, 5 ],
    [ 742, 7 ],
    [ 1166, 11 ],
    [ 3038, 13 ],
    [ 6958, 17 ]
]

Level of weight 4 newform is [ 240, 6, 1 ]

First coefficient can be obtained from:  [ <15, 3>, <-11, 5>, <54, 7>, <-10,
11>, <58, 13>, <114, 17> ]
Second coefficient is  <[ 0, 0, 0, 0, 0, 0 ], [ <-16, 5>, <47, 7>, <-21, 11>,
<45, 13>, <97, 17> ]>


---------------------------------------------------------


Transformation matrix is:
[1 0 0 0 0 0]
[0 0 0 1 0 0]
[0 0 1 0 0 0]
[0 1 0 0 0 0]
[0 0 0 0 1 0]
[0 0 0 0 0 1]

Diagonal matrix is:
[ 1  0  0  0  0  0]
[ 0  1  0  0  0  0]
[ 0  0  1  0  0  0]
[ 0  0  0  1  0  0]
[ 0  0  0  0  1  0]
[ 0  0  0  0  0 -1]



---------------------------------------------------------


Transformation matrix is:
[1 0 0 0 0 0]
[0 0 0 1 0 0]
[0 0 0 0 0 1]
[0 1 0 0 0 0]
[0 0 0 0 1 0]
[0 0 1 0 0 0]

Diagonal matrix is:
[ 1  0  0  0  0  0]
[ 0  1  0  0  0  0]
[ 0  0  1  0  0  0]
[ 0  0  0  1  0  0]
[ 0  0  0  0 -1  0]
[ 0  0  0  0  0 -1]

Point counts are [
    [ 70, 3 ],
    [ 76, 5 ],
    [ 742, 7 ],
    [ 1166, 11 ],
    [ 3038, 13 ],
    [ 6958, 17 ]
]

Good point counts are [
    [ 70, 3 ],
    [ 76, 5 ],
    [ 742, 7 ],
    [ 1166, 11 ],
    [ 3038, 13 ],
    [ 6958, 17 ]
]

Level of weight 4 newform is [ 240, 6, 1 ]

First coefficient can be obtained from:  [ <15, 3>, <-11, 5>, <54, 7>, <-10,
11>, <58, 13>, <114, 17> ]
Second coefficient is  <[ 0, 0, 0, 0, 0, 0 ], [ <-16, 5>, <47, 7>, <-21, 11>,
<45, 13>, <97, 17> ]>


---------------------------------------------------------


Transformation matrix is:
[1 0 0 0 0 0]
[0 0 0 0 0 1]
[0 0 1 0 0 0]
[0 0 0 1 0 0]
[0 0 0 0 1 0]
[0 1 0 0 0 0]

Diagonal matrix is:
[ 1  0  0  0  0  0]
[ 0  1  0  0  0  0]
[ 0  0  1  0  0  0]
[ 0  0  0  1  0  0]
[ 0  0  0  0  1  0]
[ 0  0  0  0  0 -1]



---------------------------------------------------------


Transformation matrix is:
[1 0 0 0 0 0]
[0 0 0 0 0 1]
[0 0 0 1 0 0]
[0 0 1 0 0 0]
[0 0 0 0 1 0]
[0 1 0 0 0 0]

Diagonal matrix is:
[ 1  0  0  0  0  0]
[ 0  1  0  0  0  0]
[ 0  0  1  0  0  0]
[ 0  0  0  1  0  0]
[ 0  0  0  0 -1  0]
[ 0  0  0  0  0 -1]

Point counts are [
    [ 70, 3 ],
    [ 76, 5 ],
    [ 742, 7 ],
    [ 1166, 11 ],
    [ 3038, 13 ],
    [ 6958, 17 ]
]

Good point counts are [
    [ 70, 3 ],
    [ 76, 5 ],
    [ 742, 7 ],
    [ 1166, 11 ],
    [ 3038, 13 ],
    [ 6958, 17 ]
]

Level of weight 4 newform is [ 240, 6, 1 ]

First coefficient can be obtained from:  [ <15, 3>, <-11, 5>, <54, 7>, <-10,
11>, <58, 13>, <114, 17> ]
Second coefficient is  <[ 0, 0, 0, 0, 0, 0 ], [ <-16, 5>, <47, 7>, <-21, 11>,
<45, 13>, <97, 17> ]>


---------------------------------------------------------


Transformation matrix is:
[0 1 0 0 0 0]
[1 0 0 0 0 0]
[0 0 1 0 0 0]
[0 0 0 1 0 0]
[0 0 0 0 1 0]
[0 0 0 0 0 1]

Diagonal matrix is:
[ 1  0  0  0  0  0]
[ 0  1  0  0  0  0]
[ 0  0  1  0  0  0]
[ 0  0  0  1  0  0]
[ 0  0  0  0  1  0]
[ 0  0  0  0  0 -1]



---------------------------------------------------------


Transformation matrix is:
[0 1 0 0 0 0]
[1 0 0 0 0 0]
[0 0 1 0 0 0]
[0 0 0 0 0 1]
[0 0 0 0 1 0]
[0 0 0 1 0 0]

Diagonal matrix is:
[ 1  0  0  0  0  0]
[ 0  1  0  0  0  0]
[ 0  0  1  0  0  0]
[ 0  0  0  1  0  0]
[ 0  0  0  0 -1  0]
[ 0  0  0  0  0 -1]

Point counts are [
    [ 70, 3 ],
    [ 76, 5 ],
    [ 742, 7 ],
    [ 1166, 11 ],
    [ 3038, 13 ],
    [ 6958, 17 ]
]

Good point counts are [
    [ 70, 3 ],
    [ 76, 5 ],
    [ 742, 7 ],
    [ 1166, 11 ],
    [ 3038, 13 ],
    [ 6958, 17 ]
]

Level of weight 4 newform is [ 240, 6, 1 ]

First coefficient can be obtained from:  [ <15, 3>, <-11, 5>, <54, 7>, <-10,
11>, <58, 13>, <114, 17> ]
Second coefficient is  <[ 0, 0, 0, 0, 0, 0 ], [ <-16, 5>, <47, 7>, <-21, 11>,
<45, 13>, <97, 17> ]>


---------------------------------------------------------


Transformation matrix is:
[0 1 0 0 0 0]
[1 0 0 0 0 0]
[0 0 0 1 0 0]
[0 0 1 0 0 0]
[0 0 0 0 1 0]
[0 0 0 0 0 1]

Diagonal matrix is:
[ 1  0  0  0  0  0]
[ 0  1  0  0  0  0]
[ 0  0  1  0  0  0]
[ 0  0  0  1  0  0]
[ 0  0  0  0 -1  0]
[ 0  0  0  0  0 -1]

Point counts are [
    [ 70, 3 ],
    [ 76, 5 ],
    [ 742, 7 ],
    [ 1166, 11 ],
    [ 3038, 13 ],
    [ 6958, 17 ]
]

Good point counts are [
    [ 70, 3 ],
    [ 76, 5 ],
    [ 742, 7 ],
    [ 1166, 11 ],
    [ 3038, 13 ],
    [ 6958, 17 ]
]

Level of weight 4 newform is [ 240, 6, 1 ]

First coefficient can be obtained from:  [ <15, 3>, <-11, 5>, <54, 7>, <-10,
11>, <58, 13>, <114, 17> ]
Second coefficient is  <[ 0, 0, 0, 0, 0, 0 ], [ <-16, 5>, <47, 7>, <-21, 11>,
<45, 13>, <97, 17> ]>


---------------------------------------------------------


Transformation matrix is:
[0 1 0 0 0 0]
[1 0 0 0 0 0]
[0 0 0 0 0 1]
[0 0 0 1 0 0]
[0 0 0 0 1 0]
[0 0 1 0 0 0]

Diagonal matrix is:
[ 1  0  0  0  0  0]
[ 0  1  0  0  0  0]
[ 0  0  1  0  0  0]
[ 0  0  0  1  0  0]
[ 0  0  0  0 -1  0]
[ 0  0  0  0  0 -1]

Point counts are [
    [ 70, 3 ],
    [ 76, 5 ],
    [ 742, 7 ],
    [ 1166, 11 ],
    [ 3038, 13 ],
    [ 6958, 17 ]
]

Good point counts are [
    [ 70, 3 ],
    [ 76, 5 ],
    [ 742, 7 ],
    [ 1166, 11 ],
    [ 3038, 13 ],
    [ 6958, 17 ]
]

Level of weight 4 newform is [ 240, 6, 1 ]

First coefficient can be obtained from:  [ <15, 3>, <-11, 5>, <54, 7>, <-10,
11>, <58, 13>, <114, 17> ]
Second coefficient is  <[ 0, 0, 0, 0, 0, 0 ], [ <-16, 5>, <47, 7>, <-21, 11>,
<45, 13>, <97, 17> ]>


---------------------------------------------------------


Transformation matrix is:
[0 0 1 0 0 0]
[0 1 0 0 0 0]
[1 0 0 0 0 0]
[0 0 0 1 0 0]
[0 0 0 0 1 0]
[0 0 0 0 0 1]

Diagonal matrix is:
[ 1  0  0  0  0  0]
[ 0  1  0  0  0  0]
[ 0  0  1  0  0  0]
[ 0  0  0  1  0  0]
[ 0  0  0  0  1  0]
[ 0  0  0  0  0 -1]



---------------------------------------------------------


Transformation matrix is:
[0 0 1 0 0 0]
[0 1 0 0 0 0]
[1 0 0 0 0 0]
[0 0 0 0 0 1]
[0 0 0 0 1 0]
[0 0 0 1 0 0]

Diagonal matrix is:
[ 1  0  0  0  0  0]
[ 0  1  0  0  0  0]
[ 0  0  1  0  0  0]
[ 0  0  0  1  0  0]
[ 0  0  0  0 -1  0]
[ 0  0  0  0  0 -1]

Point counts are [
    [ 70, 3 ],
    [ 76, 5 ],
    [ 742, 7 ],
    [ 1166, 11 ],
    [ 3038, 13 ],
    [ 6958, 17 ]
]

Good point counts are [
    [ 70, 3 ],
    [ 76, 5 ],
    [ 742, 7 ],
    [ 1166, 11 ],
    [ 3038, 13 ],
    [ 6958, 17 ]
]

Level of weight 4 newform is [ 240, 6, 1 ]

First coefficient can be obtained from:  [ <15, 3>, <-11, 5>, <54, 7>, <-10,
11>, <58, 13>, <114, 17> ]
Second coefficient is  <[ 0, 0, 0, 0, 0, 0 ], [ <-16, 5>, <47, 7>, <-21, 11>,
<45, 13>, <97, 17> ]>


---------------------------------------------------------


Transformation matrix is:
[0 0 1 0 0 0]
[0 0 0 1 0 0]
[1 0 0 0 0 0]
[0 1 0 0 0 0]
[0 0 0 0 1 0]
[0 0 0 0 0 1]

Diagonal matrix is:
[ 1  0  0  0  0  0]
[ 0  1  0  0  0  0]
[ 0  0  1  0  0  0]
[ 0  0  0  1  0  0]
[ 0  0  0  0 -1  0]
[ 0  0  0  0  0 -1]

Point counts are [
    [ 70, 3 ],
    [ 76, 5 ],
    [ 742, 7 ],
    [ 1166, 11 ],
    [ 3038, 13 ],
    [ 6958, 17 ]
]

Good point counts are [
    [ 70, 3 ],
    [ 76, 5 ],
    [ 742, 7 ],
    [ 1166, 11 ],
    [ 3038, 13 ],
    [ 6958, 17 ]
]

Level of weight 4 newform is [ 240, 6, 1 ]

First coefficient can be obtained from:  [ <15, 3>, <-11, 5>, <54, 7>, <-10,
11>, <58, 13>, <114, 17> ]
Second coefficient is  <[ 0, 0, 0, 0, 0, 0 ], [ <-16, 5>, <47, 7>, <-21, 11>,
<45, 13>, <97, 17> ]>


---------------------------------------------------------


Transformation matrix is:
[0 0 1 0 0 0]
[0 0 0 0 0 1]
[1 0 0 0 0 0]
[0 0 0 1 0 0]
[0 0 0 0 1 0]
[0 1 0 0 0 0]

Diagonal matrix is:
[ 1  0  0  0  0  0]
[ 0  1  0  0  0  0]
[ 0  0  1  0  0  0]
[ 0  0  0  1  0  0]
[ 0  0  0  0 -1  0]
[ 0  0  0  0  0 -1]

Point counts are [
    [ 70, 3 ],
    [ 76, 5 ],
    [ 742, 7 ],
    [ 1166, 11 ],
    [ 3038, 13 ],
    [ 6958, 17 ]
]

Good point counts are [
    [ 70, 3 ],
    [ 76, 5 ],
    [ 742, 7 ],
    [ 1166, 11 ],
    [ 3038, 13 ],
    [ 6958, 17 ]
]

Level of weight 4 newform is [ 240, 6, 1 ]

First coefficient can be obtained from:  [ <15, 3>, <-11, 5>, <54, 7>, <-10,
11>, <58, 13>, <114, 17> ]
Second coefficient is  <[ 0, 0, 0, 0, 0, 0 ], [ <-16, 5>, <47, 7>, <-21, 11>,
<45, 13>, <97, 17> ]>


---------------------------------------------------------


Transformation matrix is:
[0 0 0 1 0 0]
[0 1 0 0 0 0]
[0 0 1 0 0 0]
[1 0 0 0 0 0]
[0 0 0 0 1 0]
[0 0 0 0 0 1]

Diagonal matrix is:
[ 1  0  0  0  0  0]
[ 0  1  0  0  0  0]
[ 0  0  1  0  0  0]
[ 0  0  0  1  0  0]
[ 0  0  0  0  1  0]
[ 0  0  0  0  0 -1]



---------------------------------------------------------


Transformation matrix is:
[0 0 0 1 0 0]
[0 1 0 0 0 0]
[0 0 0 0 0 1]
[1 0 0 0 0 0]
[0 0 0 0 1 0]
[0 0 1 0 0 0]

Diagonal matrix is:
[ 1  0  0  0  0  0]
[ 0  1  0  0  0  0]
[ 0  0  1  0  0  0]
[ 0  0  0  1  0  0]
[ 0  0  0  0 -1  0]
[ 0  0  0  0  0 -1]

Point counts are [
    [ 70, 3 ],
    [ 76, 5 ],
    [ 742, 7 ],
    [ 1166, 11 ],
    [ 3038, 13 ],
    [ 6958, 17 ]
]

Good point counts are [
    [ 70, 3 ],
    [ 76, 5 ],
    [ 742, 7 ],
    [ 1166, 11 ],
    [ 3038, 13 ],
    [ 6958, 17 ]
]

Level of weight 4 newform is [ 240, 6, 1 ]

First coefficient can be obtained from:  [ <15, 3>, <-11, 5>, <54, 7>, <-10,
11>, <58, 13>, <114, 17> ]
Second coefficient is  <[ 0, 0, 0, 0, 0, 0 ], [ <-16, 5>, <47, 7>, <-21, 11>,
<45, 13>, <97, 17> ]>


---------------------------------------------------------


Transformation matrix is:
[0 0 0 1 0 0]
[0 0 1 0 0 0]
[0 1 0 0 0 0]
[1 0 0 0 0 0]
[0 0 0 0 1 0]
[0 0 0 0 0 1]

Diagonal matrix is:
[ 1  0  0  0  0  0]
[ 0  1  0  0  0  0]
[ 0  0  1  0  0  0]
[ 0  0  0  1  0  0]
[ 0  0  0  0 -1  0]
[ 0  0  0  0  0 -1]

Point counts are [
    [ 70, 3 ],
    [ 76, 5 ],
    [ 742, 7 ],
    [ 1166, 11 ],
    [ 3038, 13 ],
    [ 6958, 17 ]
]

Good point counts are [
    [ 70, 3 ],
    [ 76, 5 ],
    [ 742, 7 ],
    [ 1166, 11 ],
    [ 3038, 13 ],
    [ 6958, 17 ]
]

Level of weight 4 newform is [ 240, 6, 1 ]

First coefficient can be obtained from:  [ <15, 3>, <-11, 5>, <54, 7>, <-10,
11>, <58, 13>, <114, 17> ]
Second coefficient is  <[ 0, 0, 0, 0, 0, 0 ], [ <-16, 5>, <47, 7>, <-21, 11>,
<45, 13>, <97, 17> ]>


---------------------------------------------------------


Transformation matrix is:
[0 0 0 1 0 0]
[0 0 0 0 0 1]
[0 0 1 0 0 0]
[1 0 0 0 0 0]
[0 0 0 0 1 0]
[0 1 0 0 0 0]

Diagonal matrix is:
[ 1  0  0  0  0  0]
[ 0  1  0  0  0  0]
[ 0  0  1  0  0  0]
[ 0  0  0  1  0  0]
[ 0  0  0  0 -1  0]
[ 0  0  0  0  0 -1]

Point counts are [
    [ 70, 3 ],
    [ 76, 5 ],
    [ 742, 7 ],
    [ 1166, 11 ],
    [ 3038, 13 ],
    [ 6958, 17 ]
]

Good point counts are [
    [ 70, 3 ],
    [ 76, 5 ],
    [ 742, 7 ],
    [ 1166, 11 ],
    [ 3038, 13 ],
    [ 6958, 17 ]
]

Level of weight 4 newform is [ 240, 6, 1 ]

First coefficient can be obtained from:  [ <15, 3>, <-11, 5>, <54, 7>, <-10,
11>, <58, 13>, <114, 17> ]
Second coefficient is  <[ 0, 0, 0, 0, 0, 0 ], [ <-16, 5>, <47, 7>, <-21, 11>,
<45, 13>, <97, 17> ]>


---------------------------------------------------------


Transformation matrix is:
[0 0 0 0 0 1]
[0 1 0 0 0 0]
[0 0 1 0 0 0]
[0 0 0 1 0 0]
[0 0 0 0 1 0]
[1 0 0 0 0 0]

Diagonal matrix is:
[ 1  0  0  0  0  0]
[ 0  1  0  0  0  0]
[ 0  0  1  0  0  0]
[ 0  0  0  1  0  0]
[ 0  0  0  0  1  0]
[ 0  0  0  0  0 -1]



---------------------------------------------------------


Transformation matrix is:
[0 0 0 0 0 1]
[0 1 0 0 0 0]
[0 0 0 1 0 0]
[0 0 1 0 0 0]
[0 0 0 0 1 0]
[1 0 0 0 0 0]

Diagonal matrix is:
[ 1  0  0  0  0  0]
[ 0  1  0  0  0  0]
[ 0  0  1  0  0  0]
[ 0  0  0  1  0  0]
[ 0  0  0  0 -1  0]
[ 0  0  0  0  0 -1]

Point counts are [
    [ 70, 3 ],
    [ 76, 5 ],
    [ 742, 7 ],
    [ 1166, 11 ],
    [ 3038, 13 ],
    [ 6958, 17 ]
]

Good point counts are [
    [ 70, 3 ],
    [ 76, 5 ],
    [ 742, 7 ],
    [ 1166, 11 ],
    [ 3038, 13 ],
    [ 6958, 17 ]
]

Level of weight 4 newform is [ 240, 6, 1 ]

First coefficient can be obtained from:  [ <15, 3>, <-11, 5>, <54, 7>, <-10,
11>, <58, 13>, <114, 17> ]
Second coefficient is  <[ 0, 0, 0, 0, 0, 0 ], [ <-16, 5>, <47, 7>, <-21, 11>,
<45, 13>, <97, 17> ]>


---------------------------------------------------------


Transformation matrix is:
[0 0 0 0 0 1]
[0 0 1 0 0 0]
[0 1 0 0 0 0]
[0 0 0 1 0 0]
[0 0 0 0 1 0]
[1 0 0 0 0 0]

Diagonal matrix is:
[ 1  0  0  0  0  0]
[ 0  1  0  0  0  0]
[ 0  0  1  0  0  0]
[ 0  0  0  1  0  0]
[ 0  0  0  0 -1  0]
[ 0  0  0  0  0 -1]

Point counts are [
    [ 70, 3 ],
    [ 76, 5 ],
    [ 742, 7 ],
    [ 1166, 11 ],
    [ 3038, 13 ],
    [ 6958, 17 ]
]

Good point counts are [
    [ 70, 3 ],
    [ 76, 5 ],
    [ 742, 7 ],
    [ 1166, 11 ],
    [ 3038, 13 ],
    [ 6958, 17 ]
]

Level of weight 4 newform is [ 240, 6, 1 ]

First coefficient can be obtained from:  [ <15, 3>, <-11, 5>, <54, 7>, <-10,
11>, <58, 13>, <114, 17> ]
Second coefficient is  <[ 0, 0, 0, 0, 0, 0 ], [ <-16, 5>, <47, 7>, <-21, 11>,
<45, 13>, <97, 17> ]>


---------------------------------------------------------


Transformation matrix is:
[0 0 0 0 0 1]
[0 0 0 1 0 0]
[0 0 1 0 0 0]
[0 1 0 0 0 0]
[0 0 0 0 1 0]
[1 0 0 0 0 0]

Diagonal matrix is:
[ 1  0  0  0  0  0]
[ 0  1  0  0  0  0]
[ 0  0  1  0  0  0]
[ 0  0  0  1  0  0]
[ 0  0  0  0 -1  0]
[ 0  0  0  0  0 -1]

Point counts are [
    [ 70, 3 ],
    [ 76, 5 ],
    [ 742, 7 ],
    [ 1166, 11 ],
    [ 3038, 13 ],
    [ 6958, 17 ]
]

Good point counts are [
    [ 70, 3 ],
    [ 76, 5 ],
    [ 742, 7 ],
    [ 1166, 11 ],
    [ 3038, 13 ],
    [ 6958, 17 ]
]

Level of weight 4 newform is [ 240, 6, 1 ]

First coefficient can be obtained from:  [ <15, 3>, <-11, 5>, <54, 7>, <-10,
11>, <58, 13>, <114, 17> ]
Second coefficient is  <[ 0, 0, 0, 0, 0, 0 ], [ <-16, 5>, <47, 7>, <-21, 11>,
<45, 13>, <97, 17> ]>


---------------------------------------------------------
