Transformation matrix is:
[1 0 0 0 0 0]
[0 1 0 0 0 0]
[0 0 1 0 0 0]
[0 0 0 1 0 0]
[0 0 0 0 1 0]
[0 0 0 0 0 1]

Diagonal matrix is:
[1 0 0 0 0 0]
[0 1 0 0 0 0]
[0 0 1 0 0 0]
[0 0 0 1 0 0]
[0 0 0 0 1 0]
[0 0 0 0 0 1]

Point counts are [
    [ 121, 3 ],
    [ 200, 5 ],
    [ 552, 7 ],
    [ 1400, 11 ],
    [ 2504, 13 ],
    [ 4168, 17 ]
]

Good point counts are [
    [ 121, 3 ],
    [ 200, 5 ],
    [ 552, 7 ],
    [ 1400, 11 ],
    [ 2504, 13 ],
    [ 4168, 17 ]
]

Level of weight 4 newform is [ 72, 3, 1 ]

First coefficient can be obtained from:  [ <31, 3>, <18, 5>, <28, 7>, <12, 11>,
<28, 13>, <-42, 17> ]
Second coefficient is  <[ 0, 0, 0, 0, 0, 0 ], [ <13, 5>, <21, 7>, <1, 11>, <15,
13>, <-59, 17> ]>


---------------------------------------------------------


Transformation matrix is:
[1 0 0 0 0 0]
[0 1 0 0 0 0]
[0 0 0 0 0 1]
[0 0 0 1 0 0]
[0 0 0 0 1 0]
[0 0 1 0 0 0]

Diagonal matrix is:
[ 1  0  0  0  0  0]
[ 0  1  0  0  0  0]
[ 0  0  1  0  0  0]
[ 0  0  0  1  0  0]
[ 0  0  0  0  1  0]
[ 0  0  0  0  0 -1]



---------------------------------------------------------


Transformation matrix is:
[1 0 0 0 0 0]
[0 0 1 0 0 0]
[0 1 0 0 0 0]
[0 0 0 1 0 0]
[0 0 0 0 1 0]
[0 0 0 0 0 1]

Diagonal matrix is:
[ 1  0  0  0  0  0]
[ 0  1  0  0  0  0]
[ 0  0  1  0  0  0]
[ 0  0  0  1  0  0]
[ 0  0  0  0  1  0]
[ 0  0  0  0  0 -1]



---------------------------------------------------------


Transformation matrix is:
[1 0 0 0 0 0]
[0 0 0 0 0 1]
[0 0 1 0 0 0]
[0 0 0 1 0 0]
[0 0 0 0 1 0]
[0 1 0 0 0 0]

Diagonal matrix is:
[ 1  0  0  0  0  0]
[ 0  1  0  0  0  0]
[ 0  0  1  0  0  0]
[ 0  0  0  1  0  0]
[ 0  0  0  0  1  0]
[ 0  0  0  0  0 -1]



---------------------------------------------------------


Transformation matrix is:
[0 1 0 0 0 0]
[1 0 0 0 0 0]
[0 0 1 0 0 0]
[0 0 0 1 0 0]
[0 0 0 0 1 0]
[0 0 0 0 0 1]

Diagonal matrix is:
[ 1  0  0  0  0  0]
[ 0  1  0  0  0  0]
[ 0  0  1  0  0  0]
[ 0  0  0  1  0  0]
[ 0  0  0  0  1  0]
[ 0  0  0  0  0 -1]



---------------------------------------------------------


Transformation matrix is:
[0 1 0 0 0 0]
[1 0 0 0 0 0]
[0 0 0 0 0 1]
[0 0 0 1 0 0]
[0 0 0 0 1 0]
[0 0 1 0 0 0]

Diagonal matrix is:
[ 1  0  0  0  0  0]
[ 0  1  0  0  0  0]
[ 0  0  1  0  0  0]
[ 0  0  0  1  0  0]
[ 0  0  0  0 -1  0]
[ 0  0  0  0  0 -1]

Point counts are [
    [ 67, 3 ],
    [ 160, 5 ],
    [ 496, 7 ],
    [ 1400, 11 ],
    [ 2504, 13 ],
    [ 4440, 17 ]
]

Good point counts are [
    [ 67, 3 ],
    [ 160, 5 ],
    [ 496, 7 ],
    [ 1400, 11 ],
    [ 2504, 13 ],
    [ 4440, 17 ]
]

Level of weight 4 newform is [ 72, 3, 1 ]

First coefficient can be obtained from:  [ <13, 3>, <10, 5>, <20, 7>, <12, 11>,
<28, 13>, <-26, 17> ]
Second coefficient is  <[ 0, 0, 0, 0, 0, 0 ], [ <5, 5>, <13, 7>, <1, 11>, <15,
13>, <-43, 17> ]>


---------------------------------------------------------


Transformation matrix is:
[0 0 1 0 0 0]
[0 1 0 0 0 0]
[1 0 0 0 0 0]
[0 0 0 1 0 0]
[0 0 0 0 1 0]
[0 0 0 0 0 1]

Diagonal matrix is:
[ 1  0  0  0  0  0]
[ 0  1  0  0  0  0]
[ 0  0  1  0  0  0]
[ 0  0  0  1  0  0]
[ 0  0  0  0  1  0]
[ 0  0  0  0  0 -1]



---------------------------------------------------------


Transformation matrix is:
[0 0 1 0 0 0]
[0 0 0 0 0 1]
[1 0 0 0 0 0]
[0 0 0 1 0 0]
[0 0 0 0 1 0]
[0 1 0 0 0 0]

Diagonal matrix is:
[ 1  0  0  0  0  0]
[ 0  1  0  0  0  0]
[ 0  0  1  0  0  0]
[ 0  0  0  1  0  0]
[ 0  0  0  0 -1  0]
[ 0  0  0  0  0 -1]

Point counts are [
    [ 67, 3 ],
    [ 160, 5 ],
    [ 496, 7 ],
    [ 1400, 11 ],
    [ 2504, 13 ],
    [ 4440, 17 ]
]

Good point counts are [
    [ 67, 3 ],
    [ 160, 5 ],
    [ 496, 7 ],
    [ 1400, 11 ],
    [ 2504, 13 ],
    [ 4440, 17 ]
]

Level of weight 4 newform is [ 72, 3, 1 ]

First coefficient can be obtained from:  [ <13, 3>, <10, 5>, <20, 7>, <12, 11>,
<28, 13>, <-26, 17> ]
Second coefficient is  <[ 0, 0, 0, 0, 0, 0 ], [ <5, 5>, <13, 7>, <1, 11>, <15,
13>, <-43, 17> ]>


---------------------------------------------------------


Transformation matrix is:
[0 0 0 0 0 1]
[0 1 0 0 0 0]
[0 0 1 0 0 0]
[0 0 0 1 0 0]
[0 0 0 0 1 0]
[1 0 0 0 0 0]

Diagonal matrix is:
[ 1  0  0  0  0  0]
[ 0  1  0  0  0  0]
[ 0  0  1  0  0  0]
[ 0  0  0  1  0  0]
[ 0  0  0  0  1  0]
[ 0  0  0  0  0 -1]



---------------------------------------------------------


Transformation matrix is:
[0 0 0 0 0 1]
[0 0 1 0 0 0]
[0 1 0 0 0 0]
[0 0 0 1 0 0]
[0 0 0 0 1 0]
[1 0 0 0 0 0]

Diagonal matrix is:
[ 1  0  0  0  0  0]
[ 0  1  0  0  0  0]
[ 0  0  1  0  0  0]
[ 0  0  0  1  0  0]
[ 0  0  0  0 -1  0]
[ 0  0  0  0  0 -1]

Point counts are [
    [ 67, 3 ],
    [ 160, 5 ],
    [ 496, 7 ],
    [ 1400, 11 ],
    [ 2504, 13 ],
    [ 4440, 17 ]
]

Good point counts are [
    [ 67, 3 ],
    [ 160, 5 ],
    [ 496, 7 ],
    [ 1400, 11 ],
    [ 2504, 13 ],
    [ 4440, 17 ]
]

Level of weight 4 newform is [ 72, 3, 1 ]

First coefficient can be obtained from:  [ <13, 3>, <10, 5>, <20, 7>, <12, 11>,
<28, 13>, <-26, 17> ]
Second coefficient is  <[ 0, 0, 0, 0, 0, 0 ], [ <5, 5>, <13, 7>, <1, 11>, <15,
13>, <-43, 17> ]>


---------------------------------------------------------
