Transformation matrix is:
[1 0 0 0 0 0]
[0 1 0 0 0 0]
[0 0 1 0 0 0]
[0 0 0 1 0 0]
[0 0 0 0 1 0]
[0 0 0 0 0 1]

Diagonal matrix is:
[1 0 0 0 0 0]
[0 1 0 0 0 0]
[0 0 1 0 0 0]
[0 0 0 1 0 0]
[0 0 0 0 1 0]
[0 0 0 0 0 1]

Point counts are [
    [ 130, 3 ],
    [ 96, 5 ],
    [ 816, 7 ],
    [ 1040, 11 ],
    [ 2856, 13 ],
    [ 5304, 17 ]
]

Good point counts are [
    [ 130, 3 ],
    [ 96, 5 ],
    [ 816, 7 ],
    [ 1040, 11 ],
    [ 2856, 13 ],
    [ 5304, 17 ]
]

Level of weight 4 newform is [ 1920, 6, 1 ]

First coefficient can be obtained from:  [ <35, 3>, <-7, 5>, <68, 7>, <-26, 11>,
<54, 13>, <18, 17> ]
Second coefficient is  <[ 0, 0, 0, 0, 0, 0 ], [ <-12, 5>, <61, 7>, <-37, 11>,
<41, 13>, <1, 17> ]>


---------------------------------------------------------


Transformation matrix is:
[1 0 0 0 0 0]
[0 1 0 0 0 0]
[0 0 1 0 0 0]
[0 0 0 0 0 1]
[0 0 0 0 1 0]
[0 0 0 1 0 0]

Diagonal matrix is:
[ 1  0  0  0  0  0]
[ 0  1  0  0  0  0]
[ 0  0  1  0  0  0]
[ 0  0  0  1  0  0]
[ 0  0  0  0  1  0]
[ 0  0  0  0  0 -1]



---------------------------------------------------------


Transformation matrix is:
[1 0 0 0 0 0]
[0 0 1 0 0 0]
[0 1 0 0 0 0]
[0 0 0 1 0 0]
[0 0 0 0 1 0]
[0 0 0 0 0 1]

Diagonal matrix is:
[ 1  0  0  0  0  0]
[ 0  1  0  0  0  0]
[ 0  0  1  0  0  0]
[ 0  0  0  1  0  0]
[ 0  0  0  0  1  0]
[ 0  0  0  0  0 -1]



---------------------------------------------------------


Transformation matrix is:
[1 0 0 0 0 0]
[0 0 1 0 0 0]
[0 1 0 0 0 0]
[0 0 0 0 0 1]
[0 0 0 0 1 0]
[0 0 0 1 0 0]

Diagonal matrix is:
[ 1  0  0  0  0  0]
[ 0  1  0  0  0  0]
[ 0  0  1  0  0  0]
[ 0  0  0  1  0  0]
[ 0  0  0  0 -1  0]
[ 0  0  0  0  0 -1]

Point counts are [
    [ 106, 3 ],
    [ 151, 5 ],
    [ 557, 7 ],
    [ 1293, 11 ],
    [ 2609, 13 ],
    [ 5185, 17 ]
]

Good point counts are [
    [ 106, 3 ],
    [ 151, 5 ],
    [ 557, 7 ],
    [ 1293, 11 ],
    [ 2609, 13 ],
    [ 5185, 17 ]
]

Level of weight 4 newform is [ 1920, 6, 1 ]

First coefficient can be obtained from:  [ <27, 3>, <4, 5>, <31, 7>, <-3, 11>,
<35, 13>, <11, 17> ]
Second coefficient is  <[ 0, 0, 0, 0, 0, 0 ], [ <-1, 5>, <24, 7>, <-14, 11>,
<22, 13>, <-6, 17> ]>


---------------------------------------------------------


Transformation matrix is:
[0 1 0 0 0 0]
[1 0 0 0 0 0]
[0 0 1 0 0 0]
[0 0 0 1 0 0]
[0 0 0 0 1 0]
[0 0 0 0 0 1]

Diagonal matrix is:
[ 1  0  0  0  0  0]
[ 0  1  0  0  0  0]
[ 0  0  1  0  0  0]
[ 0  0  0  1  0  0]
[ 0  0  0  0  1  0]
[ 0  0  0  0  0 -1]



---------------------------------------------------------


Transformation matrix is:
[0 1 0 0 0 0]
[1 0 0 0 0 0]
[0 0 1 0 0 0]
[0 0 0 0 0 1]
[0 0 0 0 1 0]
[0 0 0 1 0 0]

Diagonal matrix is:
[ 1  0  0  0  0  0]
[ 0  1  0  0  0  0]
[ 0  0  1  0  0  0]
[ 0  0  0  1  0  0]
[ 0  0  0  0 -1  0]
[ 0  0  0  0  0 -1]

Point counts are [
    [ 106, 3 ],
    [ 151, 5 ],
    [ 557, 7 ],
    [ 1293, 11 ],
    [ 2609, 13 ],
    [ 5185, 17 ]
]

Good point counts are [
    [ 106, 3 ],
    [ 151, 5 ],
    [ 557, 7 ],
    [ 1293, 11 ],
    [ 2609, 13 ],
    [ 5185, 17 ]
]

Level of weight 4 newform is [ 1920, 6, 1 ]

First coefficient can be obtained from:  [ <27, 3>, <4, 5>, <31, 7>, <-3, 11>,
<35, 13>, <11, 17> ]
Second coefficient is  <[ 0, 0, 0, 0, 0, 0 ], [ <-1, 5>, <24, 7>, <-14, 11>,
<22, 13>, <-6, 17> ]>


---------------------------------------------------------


Transformation matrix is:
[0 0 1 0 0 0]
[0 1 0 0 0 0]
[1 0 0 0 0 0]
[0 0 0 1 0 0]
[0 0 0 0 1 0]
[0 0 0 0 0 1]

Diagonal matrix is:
[ 1  0  0  0  0  0]
[ 0  1  0  0  0  0]
[ 0  0  1  0  0  0]
[ 0  0  0  1  0  0]
[ 0  0  0  0  1  0]
[ 0  0  0  0  0 -1]



---------------------------------------------------------


Transformation matrix is:
[0 0 1 0 0 0]
[0 1 0 0 0 0]
[1 0 0 0 0 0]
[0 0 0 0 0 1]
[0 0 0 0 1 0]
[0 0 0 1 0 0]

Diagonal matrix is:
[ 1  0  0  0  0  0]
[ 0  1  0  0  0  0]
[ 0  0  1  0  0  0]
[ 0  0  0  1  0  0]
[ 0  0  0  0 -1  0]
[ 0  0  0  0  0 -1]

Point counts are [
    [ 106, 3 ],
    [ 151, 5 ],
    [ 557, 7 ],
    [ 1293, 11 ],
    [ 2609, 13 ],
    [ 5185, 17 ]
]

Good point counts are [
    [ 106, 3 ],
    [ 151, 5 ],
    [ 557, 7 ],
    [ 1293, 11 ],
    [ 2609, 13 ],
    [ 5185, 17 ]
]

Level of weight 4 newform is [ 1920, 6, 1 ]

First coefficient can be obtained from:  [ <27, 3>, <4, 5>, <31, 7>, <-3, 11>,
<35, 13>, <11, 17> ]
Second coefficient is  <[ 0, 0, 0, 0, 0, 0 ], [ <-1, 5>, <24, 7>, <-14, 11>,
<22, 13>, <-6, 17> ]>
