[ 0  1  0  0  0  0]
[ 0  0  1  0  0  0]
[ 0  0  0  1  0  0]
[ 0  0  0  0 -1  0]
[ 0  0  0  0  0 -1]

Point counts are [
    [ 64, 3 ],
    [ 156, 5 ],
    [ 728, 7 ],
    [ 1952, 11 ],
    [ 3608, 13 ],
    [ 5800, 17 ]
]

Good point counts are [
    [ 64, 3 ],
    [ 156, 5 ],
    [ 728, 7 ],
    [ 1952, 11 ],
    [ 3608, 13 ],
    [ 5800, 17 ]
]

Level of weight 4 newform is [ 480, 11, 1 ]

First coefficient can be obtained from:  [ <11, 3>, <5, 5>, <56, 7>, <56, 11>,
<108, 13>, <52, 17> ]
Second coefficient is  <[ 0, 0, 0, 0, 0, 0 ], [ <0, 5>, <49, 7>, <45, 11>, <95,
13>, <35, 17> ]>


---------------------------------------------------------


Transformation matrix is:
[0 1 0 0 0 0]
[1 0 0 0 0 0]
[0 0 0 1 0 0]
[0 0 1 0 0 0]
[0 0 0 0 1 0]
[0 0 0 0 0 1]

Diagonal matrix is:
[ 1  0  0  0  0  0]
[ 0  1  0  0  0  0]
[ 0  0  1  0  0  0]
[ 0  0  0  1  0  0]
[ 0  0  0  0 -1  0]
[ 0  0  0  0  0 -1]

Point counts are [
    [ 64, 3 ],
    [ 156, 5 ],
    [ 728, 7 ],
    [ 1952, 11 ],
    [ 3608, 13 ],
    [ 5800, 17 ]
]

Good point counts are [
    [ 64, 3 ],
    [ 156, 5 ],
    [ 728, 7 ],
    [ 1952, 11 ],
    [ 3608, 13 ],
    [ 5800, 17 ]
]

Level of weight 4 newform is [ 480, 11, 1 ]

First coefficient can be obtained from:  [ <11, 3>, <5, 5>, <56, 7>, <56, 11>,
<108, 13>, <52, 17> ]
Second coefficient is  <[ 0, 0, 0, 0, 0, 0 ], [ <0, 5>, <49, 7>, <45, 11>, <95,
13>, <35, 17> ]>


---------------------------------------------------------


Transformation matrix is:
[0 1 0 0 0 0]
[1 0 0 0 0 0]
[0 0 0 1 0 0]
[0 0 1 0 0 0]
[0 0 0 0 0 1]
[0 0 0 0 1 0]

Diagonal matrix is:
[ 1  0  0  0  0  0]
[ 0  1  0  0  0  0]
[ 0  0  1  0  0  0]
[ 0  0  0 -1  0  0]
[ 0  0  0  0 -1  0]
[ 0  0  0  0  0 -1]

Point counts are [
    [ 76, 3 ],
    [ 96, 5 ],
    [ 904, 7 ],
    [ 1728, 11 ],
    [ 3784, 13 ],
    [ 5832, 17 ]
]

Good point counts are [
    [ 76, 3 ],
    [ 96, 5 ],
    [ 904, 7 ],
    [ 1728, 11 ],
    [ 3784, 13 ],
    [ 5832, 17 ]
]

Level of weight 4 newform is [ 0, 0, 0 ]

not modular


---------------------------------------------------------


Transformation matrix is:
[0 1 0 0 0 0]
[1 0 0 0 0 0]
[0 0 0 0 1 0]
[0 0 0 1 0 0]
[0 0 1 0 0 0]
[0 0 0 0 0 1]

Diagonal matrix is:
[ 1  0  0  0  0  0]
[ 0  1  0  0  0  0]
[ 0  0  1  0  0  0]
[ 0  0  0  1  0  0]
[ 0  0  0  0 -1  0]
[ 0  0  0  0  0 -1]

Point counts are [
    [ 64, 3 ],
    [ 156, 5 ],
    [ 728, 7 ],
    [ 1952, 11 ],
    [ 3608, 13 ],
    [ 5800, 17 ]
]

Good point counts are [
    [ 64, 3 ],
    [ 156, 5 ],
    [ 728, 7 ],
    [ 1952, 11 ],
    [ 3608, 13 ],
    [ 5800, 17 ]
]

Level of weight 4 newform is [ 480, 11, 1 ]

First coefficient can be obtained from:  [ <11, 3>, <5, 5>, <56, 7>, <56, 11>,
<108, 13>, <52, 17> ]
Second coefficient is  <[ 0, 0, 0, 0, 0, 0 ], [ <0, 5>, <49, 7>, <45, 11>, <95,
13>, <35, 17> ]>


---------------------------------------------------------


Transformation matrix is:
[0 1 0 0 0 0]
[1 0 0 0 0 0]
[0 0 0 0 1 0]
[0 0 0 0 0 1]
[0 0 1 0 0 0]
[0 0 0 1 0 0]

Diagonal matrix is:
[ 1  0  0  0  0  0]
[ 0  1  0  0  0  0]
[ 0  0  1  0  0  0]
[ 0  0  0 -1  0  0]
[ 0  0  0  0 -1  0]
[ 0  0  0  0  0 -1]

Point counts are [
    [ 76, 3 ],
    [ 96, 5 ],
    [ 904, 7 ],
    [ 1728, 11 ],
    [ 3784, 13 ],
    [ 5832, 17 ]
]

Good point counts are [
    [ 76, 3 ],
    [ 96, 5 ],
    [ 904, 7 ],
    [ 1728, 11 ],
    [ 3784, 13 ],
    [ 5832, 17 ]
]

Level of weight 4 newform is [ 0, 0, 0 ]

not modular


---------------------------------------------------------


Transformation matrix is:
[0 1 0 0 0 0]
[1 0 0 0 0 0]
[0 0 0 0 0 1]
[0 0 0 1 0 0]
[0 0 0 0 1 0]
[0 0 1 0 0 0]

Diagonal matrix is:
[ 1  0  0  0  0  0]
[ 0  1  0  0  0  0]
[ 0  0  1  0  0  0]
[ 0  0  0  1  0  0]
[ 0  0  0  0 -1  0]
[ 0  0  0  0  0 -1]

Point counts are [
    [ 64, 3 ],
    [ 156, 5 ],
    [ 728, 7 ],
    [ 1952, 11 ],
    [ 3608, 13 ],
    [ 5800, 17 ]
]

Good point counts are [
    [ 64, 3 ],
    [ 156, 5 ],
    [ 728, 7 ],
    [ 1952, 11 ],
    [ 3608, 13 ],
    [ 5800, 17 ]
]

Level of weight 4 newform is [ 480, 11, 1 ]

First coefficient can be obtained from:  [ <11, 3>, <5, 5>, <56, 7>, <56, 11>,
<108, 13>, <52, 17> ]
Second coefficient is  <[ 0, 0, 0, 0, 0, 0 ], [ <0, 5>, <49, 7>, <45, 11>, <95,
13>, <35, 17> ]>


---------------------------------------------------------


Transformation matrix is:
[0 1 0 0 0 0]
[1 0 0 0 0 0]
[0 0 0 0 0 1]
[0 0 0 0 1 0]
[0 0 0 1 0 0]
[0 0 1 0 0 0]

Diagonal matrix is:
[ 1  0  0  0  0  0]
[ 0  1  0  0  0  0]
[ 0  0  1  0  0  0]
[ 0  0  0 -1  0  0]
[ 0  0  0  0 -1  0]
[ 0  0  0  0  0 -1]

Point counts are [
    [ 76, 3 ],
    [ 96, 5 ],
    [ 904, 7 ],
    [ 1728, 11 ],
    [ 3784, 13 ],
    [ 5832, 17 ]
]

Good point counts are [
    [ 76, 3 ],
    [ 96, 5 ],
    [ 904, 7 ],
    [ 1728, 11 ],
    [ 3784, 13 ],
    [ 5832, 17 ]
]

Level of weight 4 newform is [ 0, 0, 0 ]

not modular


---------------------------------------------------------


Transformation matrix is:
[0 0 1 0 0 0]
[0 1 0 0 0 0]
[1 0 0 0 0 0]
[0 0 0 1 0 0]
[0 0 0 0 1 0]
[0 0 0 0 0 1]

Diagonal matrix is:
[ 1  0  0  0  0  0]
[ 0  1  0  0  0  0]
[ 0  0  1  0  0  0]
[ 0  0  0  1  0  0]
[ 0  0  0  0  1  0]
[ 0  0  0  0  0 -1]

Point counts are [
    [ 76, 3 ],
    [ 136, 5 ],
    [ 736, 7 ],
    [ 1728, 11 ],
    [ 3576, 13 ],
    [ 5832, 17 ]
]

Good point counts are [
    [ 76, 3 ],
    [ 136, 5 ],
    [ 736, 7 ],
    [ 1728, 11 ],
    [ 3576, 13 ],
    [ 5832, 17 ]
]

Level of weight 4 newform is [ 0, 0, 0 ]

not modular


---------------------------------------------------------


Transformation matrix is:
[0 0 1 0 0 0]
[0 1 0 0 0 0]
[1 0 0 0 0 0]
[0 0 0 1 0 0]
[0 0 0 0 0 1]
[0 0 0 0 1 0]

Diagonal matrix is:
[ 1  0  0  0  0  0]
[ 0  1  0  0  0  0]
[ 0  0  1  0  0  0]
[ 0  0  0  1  0  0]
[ 0  0  0  0 -1  0]
[ 0  0  0  0  0 -1]

Point counts are [
    [ 64, 3 ],
    [ 156, 5 ],
    [ 728, 7 ],
    [ 1952, 11 ],
    [ 3608, 13 ],
    [ 5800, 17 ]
]

Good point counts are [
    [ 64, 3 ],
    [ 156, 5 ],
    [ 728, 7 ],
    [ 1952, 11 ],
    [ 3608, 13 ],
    [ 5800, 17 ]
]

Level of weight 4 newform is [ 480, 11, 1 ]

First coefficient can be obtained from:  [ <11, 3>, <5, 5>, <56, 7>, <56, 11>,
<108, 13>, <52, 17> ]
Second coefficient is  <[ 0, 0, 0, 0, 0, 0 ], [ <0, 5>, <49, 7>, <45, 11>, <95,
13>, <35, 17> ]>


---------------------------------------------------------


Transformation matrix is:
[0 0 1 0 0 0]
[0 1 0 0 0 0]
[1 0 0 0 0 0]
[0 0 0 0 1 0]
[0 0 0 1 0 0]
[0 0 0 0 0 1]

Diagonal matrix is:
[ 1  0  0  0  0  0]
[ 0  1  0  0  0  0]
[ 0  0  1  0  0  0]
[ 0  0  0  1  0  0]
[ 0  0  0  0 -1  0]
[ 0  0  0  0  0 -1]

Point counts are [
    [ 64, 3 ],
    [ 156, 5 ],
    [ 728, 7 ],
    [ 1952, 11 ],
    [ 3608, 13 ],
    [ 5800, 17 ]
]

Good point counts are [
    [ 64, 3 ],
    [ 156, 5 ],
    [ 728, 7 ],
    [ 1952, 11 ],
    [ 3608, 13 ],
    [ 5800, 17 ]
]

Level of weight 4 newform is [ 480, 11, 1 ]

First coefficient can be obtained from:  [ <11, 3>, <5, 5>, <56, 7>, <56, 11>,
<108, 13>, <52, 17> ]
Second coefficient is  <[ 0, 0, 0, 0, 0, 0 ], [ <0, 5>, <49, 7>, <45, 11>, <95,
13>, <35, 17> ]>


---------------------------------------------------------


Transformation matrix is:
[0 0 1 0 0 0]
[0 1 0 0 0 0]
[1 0 0 0 0 0]
[0 0 0 0 0 1]
[0 0 0 0 1 0]
[0 0 0 1 0 0]

Diagonal matrix is:
[ 1  0  0  0  0  0]
[ 0  1  0  0  0  0]
[ 0  0  1  0  0  0]
[ 0  0  0  1  0  0]
[ 0  0  0  0 -1  0]
[ 0  0  0  0  0 -1]

Point counts are [
    [ 64, 3 ],
    [ 156, 5 ],
    [ 728, 7 ],
    [ 1952, 11 ],
    [ 3608, 13 ],
    [ 5800, 17 ]
]

Good point counts are [
    [ 64, 3 ],
    [ 156, 5 ],
    [ 728, 7 ],
    [ 1952, 11 ],
    [ 3608, 13 ],
    [ 5800, 17 ]
]

Level of weight 4 newform is [ 480, 11, 1 ]

First coefficient can be obtained from:  [ <11, 3>, <5, 5>, <56, 7>, <56, 11>,
<108, 13>, <52, 17> ]
Second coefficient is  <[ 0, 0, 0, 0, 0, 0 ], [ <0, 5>, <49, 7>, <45, 11>, <95,
13>, <35, 17> ]>


---------------------------------------------------------


Transformation matrix is:
[0 0 1 0 0 0]
[0 0 0 1 0 0]
[1 0 0 0 0 0]
[0 1 0 0 0 0]
[0 0 0 0 1 0]
[0 0 0 0 0 1]

Diagonal matrix is:
[ 1  0  0  0  0  0]
[ 0  1  0  0  0  0]
[ 0  0  1  0  0  0]
[ 0  0  0  1  0  0]
[ 0  0  0  0 -1  0]
[ 0  0  0  0  0 -1]

Point counts are [
    [ 64, 3 ],
    [ 156, 5 ],
    [ 728, 7 ],
    [ 1952, 11 ],
    [ 3608, 13 ],
    [ 5800, 17 ]
]

Good point counts are [
    [ 64, 3 ],
    [ 156, 5 ],
    [ 728, 7 ],
    [ 1952, 11 ],
    [ 3608, 13 ],
    [ 5800, 17 ]
]

Level of weight 4 newform is [ 480, 11, 1 ]

First coefficient can be obtained from:  [ <11, 3>, <5, 5>, <56, 7>, <56, 11>,
<108, 13>, <52, 17> ]
Second coefficient is  <[ 0, 0, 0, 0, 0, 0 ], [ <0, 5>, <49, 7>, <45, 11>, <95,
13>, <35, 17> ]>


---------------------------------------------------------


Transformation matrix is:
[0 0 1 0 0 0]
[0 0 0 1 0 0]
[1 0 0 0 0 0]
[0 1 0 0 0 0]
[0 0 0 0 0 1]
[0 0 0 0 1 0]

Diagonal matrix is:
[ 1  0  0  0  0  0]
[ 0  1  0  0  0  0]
[ 0  0  1  0  0  0]
[ 0  0  0 -1  0  0]
[ 0  0  0  0 -1  0]
[ 0  0  0  0  0 -1]

Point counts are [
    [ 76, 3 ],
    [ 96, 5 ],
    [ 904, 7 ],
    [ 1728, 11 ],
    [ 3784, 13 ],
    [ 5832, 17 ]
]

Good point counts are [
    [ 76, 3 ],
    [ 96, 5 ],
    [ 904, 7 ],
    [ 1728, 11 ],
    [ 3784, 13 ],
    [ 5832, 17 ]
]

Level of weight 4 newform is [ 0, 0, 0 ]

not modular


---------------------------------------------------------


Transformation matrix is:
[0 0 1 0 0 0]
[0 0 0 0 1 0]
[1 0 0 0 0 0]
[0 0 0 1 0 0]
[0 1 0 0 0 0]
[0 0 0 0 0 1]

Diagonal matrix is:
[ 1  0  0  0  0  0]
[ 0  1  0  0  0  0]
[ 0  0  1  0  0  0]
[ 0  0  0  1  0  0]
[ 0  0  0  0 -1  0]
[ 0  0  0  0  0 -1]

Point counts are [
    [ 64, 3 ],
    [ 156, 5 ],
    [ 728, 7 ],
    [ 1952, 11 ],
    [ 3608, 13 ],
    [ 5800, 17 ]
]

Good point counts are [
    [ 64, 3 ],
    [ 156, 5 ],
    [ 728, 7 ],
    [ 1952, 11 ],
    [ 3608, 13 ],
    [ 5800, 17 ]
]

Level of weight 4 newform is [ 480, 11, 1 ]

First coefficient can be obtained from:  [ <11, 3>, <5, 5>, <56, 7>, <56, 11>,
<108, 13>, <52, 17> ]
Second coefficient is  <[ 0, 0, 0, 0, 0, 0 ], [ <0, 5>, <49, 7>, <45, 11>, <95,
13>, <35, 17> ]>


---------------------------------------------------------


Transformation matrix is:
[0 0 1 0 0 0]
[0 0 0 0 1 0]
[1 0 0 0 0 0]
[0 0 0 0 0 1]
[0 1 0 0 0 0]
[0 0 0 1 0 0]

Diagonal matrix is:
[ 1  0  0  0  0  0]
[ 0  1  0  0  0  0]
[ 0  0  1  0  0  0]
[ 0  0  0 -1  0  0]
[ 0  0  0  0 -1  0]
[ 0  0  0  0  0 -1]

Point counts are [
    [ 76, 3 ],
    [ 96, 5 ],
    [ 904, 7 ],
    [ 1728, 11 ],
    [ 3784, 13 ],
    [ 5832, 17 ]
]

Good point counts are [
    [ 76, 3 ],
    [ 96, 5 ],
    [ 904, 7 ],
    [ 1728, 11 ],
    [ 3784, 13 ],
    [ 5832, 17 ]
]

Level of weight 4 newform is [ 0, 0, 0 ]

not modular


---------------------------------------------------------


Transformation matrix is:
[0 0 1 0 0 0]
[0 0 0 0 0 1]
[1 0 0 0 0 0]
[0 0 0 1 0 0]
[0 0 0 0 1 0]
[0 1 0 0 0 0]

Diagonal matrix is:
[ 1  0  0  0  0  0]
[ 0  1  0  0  0  0]
[ 0  0  1  0  0  0]
[ 0  0  0  1  0  0]
[ 0  0  0  0 -1  0]
[ 0  0  0  0  0 -1]

Point counts are [
    [ 64, 3 ],
    [ 156, 5 ],
    [ 728, 7 ],
    [ 1952, 11 ],
    [ 3608, 13 ],
    [ 5800, 17 ]
]

Good point counts are [
    [ 64, 3 ],
    [ 156, 5 ],
    [ 728, 7 ],
    [ 1952, 11 ],
    [ 3608, 13 ],
    [ 5800, 17 ]
]

Level of weight 4 newform is [ 480, 11, 1 ]

First coefficient can be obtained from:  [ <11, 3>, <5, 5>, <56, 7>, <56, 11>,
<108, 13>, <52, 17> ]
Second coefficient is  <[ 0, 0, 0, 0, 0, 0 ], [ <0, 5>, <49, 7>, <45, 11>, <95,
13>, <35, 17> ]>


---------------------------------------------------------


Transformation matrix is:
[0 0 1 0 0 0]
[0 0 0 0 0 1]
[1 0 0 0 0 0]
[0 0 0 0 1 0]
[0 0 0 1 0 0]
[0 1 0 0 0 0]

Diagonal matrix is:
[ 1  0  0  0  0  0]
[ 0  1  0  0  0  0]
[ 0  0  1  0  0  0]
[ 0  0  0 -1  0  0]
[ 0  0  0  0 -1  0]
[ 0  0  0  0  0 -1]

Point counts are [
    [ 76, 3 ],
    [ 96, 5 ],
    [ 904, 7 ],
    [ 1728, 11 ],
    [ 3784, 13 ],
    [ 5832, 17 ]
]

Good point counts are [
    [ 76, 3 ],
    [ 96, 5 ],
    [ 904, 7 ],
    [ 1728, 11 ],
    [ 3784, 13 ],
    [ 5832, 17 ]
]

Level of weight 4 newform is [ 0, 0, 0 ]

not modular


---------------------------------------------------------


Transformation matrix is:
[0 0 0 1 0 0]
[0 1 0 0 0 0]
[0 0 1 0 0 0]
[1 0 0 0 0 0]
[0 0 0 0 1 0]
[0 0 0 0 0 1]

Diagonal matrix is:
[ 1  0  0  0  0  0]
[ 0  1  0  0  0  0]
[ 0  0  1  0  0  0]
[ 0  0  0  1  0  0]
[ 0  0  0  0  1  0]
[ 0  0  0  0  0 -1]

Point counts are [
    [ 76, 3 ],
    [ 136, 5 ],
    [ 736, 7 ],
    [ 1728, 11 ],
    [ 3576, 13 ],
    [ 5832, 17 ]
]

Good point counts are [
    [ 76, 3 ],
    [ 136, 5 ],
    [ 736, 7 ],
    [ 1728, 11 ],
    [ 3576, 13 ],
    [ 5832, 17 ]
]

Level of weight 4 newform is [ 0, 0, 0 ]

not modular


---------------------------------------------------------


Transformation matrix is:
[0 0 0 1 0 0]
[0 1 0 0 0 0]
[0 0 1 0 0 0]
[1 0 0 0 0 0]
[0 0 0 0 0 1]
[0 0 0 0 1 0]

Diagonal matrix is:
[ 1  0  0  0  0  0]
[ 0  1  0  0  0  0]
[ 0  0  1  0  0  0]
[ 0  0  0  1  0  0]
[ 0  0  0  0 -1  0]
[ 0  0  0  0  0 -1]

Point counts are [
    [ 64, 3 ],
    [ 156, 5 ],
    [ 728, 7 ],
    [ 1952, 11 ],
    [ 3608, 13 ],
    [ 5800, 17 ]
]

Good point counts are [
    [ 64, 3 ],
    [ 156, 5 ],
    [ 728, 7 ],
    [ 1952, 11 ],
    [ 3608, 13 ],
    [ 5800, 17 ]
]

Level of weight 4 newform is [ 480, 11, 1 ]

First coefficient can be obtained from:  [ <11, 3>, <5, 5>, <56, 7>, <56, 11>,
<108, 13>, <52, 17> ]
Second coefficient is  <[ 0, 0, 0, 0, 0, 0 ], [ <0, 5>, <49, 7>, <45, 11>, <95,
13>, <35, 17> ]>


---------------------------------------------------------


Transformation matrix is:
[0 0 0 1 0 0]
[0 1 0 0 0 0]
[0 0 0 0 1 0]
[1 0 0 0 0 0]
[0 0 1 0 0 0]
[0 0 0 0 0 1]

Diagonal matrix is:
[ 1  0  0  0  0  0]
[ 0  1  0  0  0  0]
[ 0  0  1  0  0  0]
[ 0  0  0  1  0  0]
[ 0  0  0  0 -1  0]
[ 0  0  0  0  0 -1]

Point counts are [
    [ 64, 3 ],
    [ 156, 5 ],
    [ 728, 7 ],
    [ 1952, 11 ],
    [ 3608, 13 ],
    [ 5800, 17 ]
]

Good point counts are [
    [ 64, 3 ],
    [ 156, 5 ],
    [ 728, 7 ],
    [ 1952, 11 ],
    [ 3608, 13 ],
    [ 5800, 17 ]
]

Level of weight 4 newform is [ 480, 11, 1 ]

First coefficient can be obtained from:  [ <11, 3>, <5, 5>, <56, 7>, <56, 11>,
<108, 13>, <52, 17> ]
Second coefficient is  <[ 0, 0, 0, 0, 0, 0 ], [ <0, 5>, <49, 7>, <45, 11>, <95,
13>, <35, 17> ]>


---------------------------------------------------------


Transformation matrix is:
[0 0 0 1 0 0]
[0 1 0 0 0 0]
[0 0 0 0 0 1]
[1 0 0 0 0 0]
[0 0 0 0 1 0]
[0 0 1 0 0 0]

Diagonal matrix is:
[ 1  0  0  0  0  0]
[ 0  1  0  0  0  0]
[ 0  0  1  0  0  0]
[ 0  0  0  1  0  0]
[ 0  0  0  0 -1  0]
[ 0  0  0  0  0 -1]

Point counts are [
    [ 64, 3 ],
    [ 156, 5 ],
    [ 728, 7 ],
    [ 1952, 11 ],
    [ 3608, 13 ],
    [ 5800, 17 ]
]

Good point counts are [
    [ 64, 3 ],
    [ 156, 5 ],
    [ 728, 7 ],
    [ 1952, 11 ],
    [ 3608, 13 ],
    [ 5800, 17 ]
]

Level of weight 4 newform is [ 480, 11, 1 ]

First coefficient can be obtained from:  [ <11, 3>, <5, 5>, <56, 7>, <56, 11>,
<108, 13>, <52, 17> ]
Second coefficient is  <[ 0, 0, 0, 0, 0, 0 ], [ <0, 5>, <49, 7>, <45, 11>, <95,
13>, <35, 17> ]>


---------------------------------------------------------


Transformation matrix is:
[0 0 0 1 0 0]
[0 0 1 0 0 0]
[0 1 0 0 0 0]
[1 0 0 0 0 0]
[0 0 0 0 1 0]
[0 0 0 0 0 1]

Diagonal matrix is:
[ 1  0  0  0  0  0]
[ 0  1  0  0  0  0]
[ 0  0  1  0  0  0]
[ 0  0  0  1  0  0]
[ 0  0  0  0 -1  0]
[ 0  0  0  0  0 -1]

Point counts are [
    [ 64, 3 ],
    [ 156, 5 ],
    [ 728, 7 ],
    [ 1952, 11 ],
    [ 3608, 13 ],
    [ 5800, 17 ]
]

Good point counts are [
    [ 64, 3 ],
    [ 156, 5 ],
    [ 728, 7 ],
    [ 1952, 11 ],
    [ 3608, 13 ],
    [ 5800, 17 ]
]

Level of weight 4 newform is [ 480, 11, 1 ]

First coefficient can be obtained from:  [ <11, 3>, <5, 5>, <56, 7>, <56, 11>,
<108, 13>, <52, 17> ]
Second coefficient is  <[ 0, 0, 0, 0, 0, 0 ], [ <0, 5>, <49, 7>, <45, 11>, <95,
13>, <35, 17> ]>


---------------------------------------------------------


Transformation matrix is:
[0 0 0 1 0 0]
[0 0 1 0 0 0]
[0 1 0 0 0 0]
[1 0 0 0 0 0]
[0 0 0 0 0 1]
[0 0 0 0 1 0]

Diagonal matrix is:
[ 1  0  0  0  0  0]
[ 0  1  0  0  0  0]
[ 0  0  1  0  0  0]
[ 0  0  0 -1  0  0]
[ 0  0  0  0 -1  0]
[ 0  0  0  0  0 -1]

Point counts are [
    [ 76, 3 ],
    [ 96, 5 ],
    [ 904, 7 ],
    [ 1728, 11 ],
    [ 3784, 13 ],
    [ 5832, 17 ]
]

Good point counts are [
    [ 76, 3 ],
    [ 96, 5 ],
    [ 904, 7 ],
    [ 1728, 11 ],
    [ 3784, 13 ],
    [ 5832, 17 ]
]

Level of weight 4 newform is [ 0, 0, 0 ]

not modular


---------------------------------------------------------


Transformation matrix is:
[0 0 0 1 0 0]
[0 0 0 0 1 0]
[0 0 1 0 0 0]
[1 0 0 0 0 0]
[0 1 0 0 0 0]
[0 0 0 0 0 1]

Diagonal matrix is:
[ 1  0  0  0  0  0]
[ 0  1  0  0  0  0]
[ 0  0  1  0  0  0]
[ 0  0  0  1  0  0]
[ 0  0  0  0 -1  0]
[ 0  0  0  0  0 -1]

Point counts are [
    [ 64, 3 ],
    [ 156, 5 ],
    [ 728, 7 ],
    [ 1952, 11 ],
    [ 3608, 13 ],
    [ 5800, 17 ]
]

Good point counts are [
    [ 64, 3 ],
    [ 156, 5 ],
    [ 728, 7 ],
    [ 1952, 11 ],
    [ 3608, 13 ],
    [ 5800, 17 ]
]

Level of weight 4 newform is [ 480, 11, 1 ]

First coefficient can be obtained from:  [ <11, 3>, <5, 5>, <56, 7>, <56, 11>,
<108, 13>, <52, 17> ]
Second coefficient is  <[ 0, 0, 0, 0, 0, 0 ], [ <0, 5>, <49, 7>, <45, 11>, <95,
13>, <35, 17> ]>


---------------------------------------------------------


Transformation matrix is:
[0 0 0 1 0 0]
[0 0 0 0 1 0]
[0 0 0 0 0 1]
[1 0 0 0 0 0]
[0 1 0 0 0 0]
[0 0 1 0 0 0]

Diagonal matrix is:
[ 1  0  0  0  0  0]
[ 0  1  0  0  0  0]
[ 0  0  1  0  0  0]
[ 0  0  0 -1  0  0]
[ 0  0  0  0 -1  0]
[ 0  0  0  0  0 -1]

Point counts are [
    [ 76, 3 ],
    [ 96, 5 ],
    [ 904, 7 ],
    [ 1728, 11 ],
    [ 3784, 13 ],
    [ 5832, 17 ]
]

Good point counts are [
    [ 76, 3 ],
    [ 96, 5 ],
    [ 904, 7 ],
    [ 1728, 11 ],
    [ 3784, 13 ],
    [ 5832, 17 ]
]

Level of weight 4 newform is [ 0, 0, 0 ]

not modular


---------------------------------------------------------


Transformation matrix is:
[0 0 0 1 0 0]
[0 0 0 0 0 1]
[0 0 1 0 0 0]
[1 0 0 0 0 0]
[0 0 0 0 1 0]
[0 1 0 0 0 0]

Diagonal matrix is:
[ 1  0  0  0  0  0]
[ 0  1  0  0  0  0]
[ 0  0  1  0  0  0]
[ 0  0  0  1  0  0]
[ 0  0  0  0 -1  0]
[ 0  0  0  0  0 -1]

Point counts are [
    [ 64, 3 ],
    [ 156, 5 ],
    [ 728, 7 ],
    [ 1952, 11 ],
    [ 3608, 13 ],
    [ 5800, 17 ]
]

Good point counts are [
    [ 64, 3 ],
    [ 156, 5 ],
    [ 728, 7 ],
    [ 1952, 11 ],
    [ 3608, 13 ],
    [ 5800, 17 ]
]

Level of weight 4 newform is [ 480, 11, 1 ]

First coefficient can be obtained from:  [ <11, 3>, <5, 5>, <56, 7>, <56, 11>,
<108, 13>, <52, 17> ]
Second coefficient is  <[ 0, 0, 0, 0, 0, 0 ], [ <0, 5>, <49, 7>, <45, 11>, <95,
13>, <35, 17> ]>


---------------------------------------------------------


Transformation matrix is:
[0 0 0 1 0 0]
[0 0 0 0 0 1]
[0 0 0 0 1 0]
[1 0 0 0 0 0]
[0 0 1 0 0 0]
[0 1 0 0 0 0]

Diagonal matrix is:
[ 1  0  0  0  0  0]
[ 0  1  0  0  0  0]
[ 0  0  1  0  0  0]
[ 0  0  0 -1  0  0]
[ 0  0  0  0 -1  0]
[ 0  0  0  0  0 -1]

Point counts are [
    [ 76, 3 ],
    [ 96, 5 ],
    [ 904, 7 ],
    [ 1728, 11 ],
    [ 3784, 13 ],
    [ 5832, 17 ]
]

Good point counts are [
    [ 76, 3 ],
    [ 96, 5 ],
    [ 904, 7 ],
    [ 1728, 11 ],
    [ 3784, 13 ],
    [ 5832, 17 ]
]

Level of weight 4 newform is [ 0, 0, 0 ]

not modular


---------------------------------------------------------


Transformation matrix is:
[0 0 0 0 1 0]
[0 1 0 0 0 0]
[0 0 1 0 0 0]
[0 0 0 1 0 0]
[1 0 0 0 0 0]
[0 0 0 0 0 1]

Diagonal matrix is:
[ 1  0  0  0  0  0]
[ 0  1  0  0  0  0]
[ 0  0  1  0  0  0]
[ 0  0  0  1  0  0]
[ 0  0  0  0  1  0]
[ 0  0  0  0  0 -1]

Point counts are [
    [ 76, 3 ],
    [ 136, 5 ],
    [ 736, 7 ],
    [ 1728, 11 ],
    [ 3576, 13 ],
    [ 5832, 17 ]
]

Good point counts are [
    [ 76, 3 ],
    [ 136, 5 ],
    [ 736, 7 ],
    [ 1728, 11 ],
    [ 3576, 13 ],
    [ 5832, 17 ]
]

Level of weight 4 newform is [ 0, 0, 0 ]

not modular


---------------------------------------------------------


Transformation matrix is:
[0 0 0 0 1 0]
[0 1 0 0 0 0]
[0 0 1 0 0 0]
[0 0 0 0 0 1]
[1 0 0 0 0 0]
[0 0 0 1 0 0]

Diagonal matrix is:
[ 1  0  0  0  0  0]
[ 0  1  0  0  0  0]
[ 0  0  1  0  0  0]
[ 0  0  0  1  0  0]
[ 0  0  0  0 -1  0]
[ 0  0  0  0  0 -1]

Point counts are [
    [ 64, 3 ],
    [ 156, 5 ],
    [ 728, 7 ],
    [ 1952, 11 ],
    [ 3608, 13 ],
    [ 5800, 17 ]
]

Good point counts are [
    [ 64, 3 ],
    [ 156, 5 ],
    [ 728, 7 ],
    [ 1952, 11 ],
    [ 3608, 13 ],
    [ 5800, 17 ]
]

Level of weight 4 newform is [ 480, 11, 1 ]

First coefficient can be obtained from:  [ <11, 3>, <5, 5>, <56, 7>, <56, 11>,
<108, 13>, <52, 17> ]
Second coefficient is  <[ 0, 0, 0, 0, 0, 0 ], [ <0, 5>, <49, 7>, <45, 11>, <95,
13>, <35, 17> ]>


---------------------------------------------------------


Transformation matrix is:
[0 0 0 0 1 0]
[0 1 0 0 0 0]
[0 0 0 1 0 0]
[0 0 1 0 0 0]
[1 0 0 0 0 0]
[0 0 0 0 0 1]

Diagonal matrix is:
[ 1  0  0  0  0  0]
[ 0  1  0  0  0  0]
[ 0  0  1  0  0  0]
[ 0  0  0  1  0  0]
[ 0  0  0  0 -1  0]
[ 0  0  0  0  0 -1]

Point counts are [
    [ 64, 3 ],
    [ 156, 5 ],
    [ 728, 7 ],
    [ 1952, 11 ],
    [ 3608, 13 ],
    [ 5800, 17 ]
]

Good point counts are [
    [ 64, 3 ],
    [ 156, 5 ],
    [ 728, 7 ],
    [ 1952, 11 ],
    [ 3608, 13 ],
    [ 5800, 17 ]
]

Level of weight 4 newform is [ 480, 11, 1 ]

First coefficient can be obtained from:  [ <11, 3>, <5, 5>, <56, 7>, <56, 11>,
<108, 13>, <52, 17> ]
Second coefficient is  <[ 0, 0, 0, 0, 0, 0 ], [ <0, 5>, <49, 7>, <45, 11>, <95,
13>, <35, 17> ]>


---------------------------------------------------------


Transformation matrix is:
[0 0 0 0 1 0]
[0 1 0 0 0 0]
[0 0 0 0 0 1]
[0 0 0 1 0 0]
[1 0 0 0 0 0]
[0 0 1 0 0 0]

Diagonal matrix is:
[ 1  0  0  0  0  0]
[ 0  1  0  0  0  0]
[ 0  0  1  0  0  0]
[ 0  0  0  1  0  0]
[ 0  0  0  0 -1  0]
[ 0  0  0  0  0 -1]

Point counts are [
    [ 64, 3 ],
    [ 156, 5 ],
    [ 728, 7 ],
    [ 1952, 11 ],
    [ 3608, 13 ],
    [ 5800, 17 ]
]

Good point counts are [
    [ 64, 3 ],
    [ 156, 5 ],
    [ 728, 7 ],
    [ 1952, 11 ],
    [ 3608, 13 ],
    [ 5800, 17 ]
]

Level of weight 4 newform is [ 480, 11, 1 ]

First coefficient can be obtained from:  [ <11, 3>, <5, 5>, <56, 7>, <56, 11>,
<108, 13>, <52, 17> ]
Second coefficient is  <[ 0, 0, 0, 0, 0, 0 ], [ <0, 5>, <49, 7>, <45, 11>, <95,
13>, <35, 17> ]>


---------------------------------------------------------


Transformation matrix is:
[0 0 0 0 1 0]
[0 0 1 0 0 0]
[0 1 0 0 0 0]
[0 0 0 1 0 0]
[1 0 0 0 0 0]
[0 0 0 0 0 1]

Diagonal matrix is:
[ 1  0  0  0  0  0]
[ 0  1  0  0  0  0]
[ 0  0  1  0  0  0]
[ 0  0  0  1  0  0]
[ 0  0  0  0 -1  0]
[ 0  0  0  0  0 -1]

Point counts are [
    [ 64, 3 ],
    [ 156, 5 ],
    [ 728, 7 ],
    [ 1952, 11 ],
    [ 3608, 13 ],
    [ 5800, 17 ]
]

Good point counts are [
    [ 64, 3 ],
    [ 156, 5 ],
    [ 728, 7 ],
    [ 1952, 11 ],
    [ 3608, 13 ],
    [ 5800, 17 ]
]

Level of weight 4 newform is [ 480, 11, 1 ]

First coefficient can be obtained from:  [ <11, 3>, <5, 5>, <56, 7>, <56, 11>,
<108, 13>, <52, 17> ]
Second coefficient is  <[ 0, 0, 0, 0, 0, 0 ], [ <0, 5>, <49, 7>, <45, 11>, <95,
13>, <35, 17> ]>


---------------------------------------------------------


Transformation matrix is:
[0 0 0 0 1 0]
[0 0 1 0 0 0]
[0 1 0 0 0 0]
[0 0 0 0 0 1]
[1 0 0 0 0 0]
[0 0 0 1 0 0]

Diagonal matrix is:
[ 1  0  0  0  0  0]
[ 0  1  0  0  0  0]
[ 0  0  1  0  0  0]
[ 0  0  0 -1  0  0]
[ 0  0  0  0 -1  0]
[ 0  0  0  0  0 -1]

Point counts are [
    [ 76, 3 ],
    [ 96, 5 ],
    [ 904, 7 ],
    [ 1728, 11 ],
    [ 3784, 13 ],
    [ 5832, 17 ]
]

Good point counts are [
    [ 76, 3 ],
    [ 96, 5 ],
    [ 904, 7 ],
    [ 1728, 11 ],
    [ 3784, 13 ],
    [ 5832, 17 ]
]

Level of weight 4 newform is [ 0, 0, 0 ]

not modular


---------------------------------------------------------


Transformation matrix is:
[0 0 0 0 1 0]
[0 0 0 1 0 0]
[0 0 1 0 0 0]
[0 1 0 0 0 0]
[1 0 0 0 0 0]
[0 0 0 0 0 1]

Diagonal matrix is:
[ 1  0  0  0  0  0]
[ 0  1  0  0  0  0]
[ 0  0  1  0  0  0]
[ 0  0  0  1  0  0]
[ 0  0  0  0 -1  0]
[ 0  0  0  0  0 -1]

Point counts are [
    [ 64, 3 ],
    [ 156, 5 ],
    [ 728, 7 ],
    [ 1952, 11 ],
    [ 3608, 13 ],
    [ 5800, 17 ]
]

Good point counts are [
    [ 64, 3 ],
    [ 156, 5 ],
    [ 728, 7 ],
    [ 1952, 11 ],
    [ 3608, 13 ],
    [ 5800, 17 ]
]

Level of weight 4 newform is [ 480, 11, 1 ]

First coefficient can be obtained from:  [ <11, 3>, <5, 5>, <56, 7>, <56, 11>,
<108, 13>, <52, 17> ]
Second coefficient is  <[ 0, 0, 0, 0, 0, 0 ], [ <0, 5>, <49, 7>, <45, 11>, <95,
13>, <35, 17> ]>


---------------------------------------------------------


Transformation matrix is:
[0 0 0 0 1 0]
[0 0 0 1 0 0]
[0 0 0 0 0 1]
[0 1 0 0 0 0]
[1 0 0 0 0 0]
[0 0 1 0 0 0]

Diagonal matrix is:
[ 1  0  0  0  0  0]
[ 0  1  0  0  0  0]
[ 0  0  1  0  0  0]
[ 0  0  0 -1  0  0]
[ 0  0  0  0 -1  0]
[ 0  0  0  0  0 -1]

Point counts are [
    [ 76, 3 ],
    [ 96, 5 ],
    [ 904, 7 ],
    [ 1728, 11 ],
    [ 3784, 13 ],
    [ 5832, 17 ]
]

Good point counts are [
    [ 76, 3 ],
    [ 96, 5 ],
    [ 904, 7 ],
    [ 1728, 11 ],
    [ 3784, 13 ],
    [ 5832, 17 ]
]

Level of weight 4 newform is [ 0, 0, 0 ]

not modular


---------------------------------------------------------


Transformation matrix is:
[0 0 0 0 1 0]
[0 0 0 0 0 1]
[0 0 1 0 0 0]
[0 0 0 1 0 0]
[1 0 0 0 0 0]
[0 1 0 0 0 0]

Diagonal matrix is:
[ 1  0  0  0  0  0]
[ 0  1  0  0  0  0]
[ 0  0  1  0  0  0]
[ 0  0  0  1  0  0]
[ 0  0  0  0 -1  0]
[ 0  0  0  0  0 -1]

Point counts are [
    [ 64, 3 ],
    [ 156, 5 ],
    [ 728, 7 ],
    [ 1952, 11 ],
    [ 3608, 13 ],
    [ 5800, 17 ]
]

Good point counts are [
    [ 64, 3 ],
    [ 156, 5 ],
    [ 728, 7 ],
    [ 1952, 11 ],
    [ 3608, 13 ],
    [ 5800, 17 ]
]

Level of weight 4 newform is [ 480, 11, 1 ]

First coefficient can be obtained from:  [ <11, 3>, <5, 5>, <56, 7>, <56, 11>,
<108, 13>, <52, 17> ]
Second coefficient is  <[ 0, 0, 0, 0, 0, 0 ], [ <0, 5>, <49, 7>, <45, 11>, <95,
13>, <35, 17> ]>


---------------------------------------------------------


Transformation matrix is:
[0 0 0 0 1 0]
[0 0 0 0 0 1]
[0 0 0 1 0 0]
[0 0 1 0 0 0]
[1 0 0 0 0 0]
[0 1 0 0 0 0]

Diagonal matrix is:
[ 1  0  0  0  0  0]
[ 0  1  0  0  0  0]
[ 0  0  1  0  0  0]
[ 0  0  0 -1  0  0]
[ 0  0  0  0 -1  0]
[ 0  0  0  0  0 -1]

Point counts are [
    [ 76, 3 ],
    [ 96, 5 ],
    [ 904, 7 ],
    [ 1728, 11 ],
    [ 3784, 13 ],
    [ 5832, 17 ]
]

Good point counts are [
    [ 76, 3 ],
    [ 96, 5 ],
    [ 904, 7 ],
    [ 1728, 11 ],
    [ 3784, 13 ],
    [ 5832, 17 ]
]

Level of weight 4 newform is [ 0, 0, 0 ]

not modular


---------------------------------------------------------


Transformation matrix is:
[0 0 0 0 0 1]
[0 1 0 0 0 0]
[0 0 1 0 0 0]
[0 0 0 1 0 0]
[0 0 0 0 1 0]
[1 0 0 0 0 0]

Diagonal matrix is:
[ 1  0  0  0  0  0]
[ 0  1  0  0  0  0]
[ 0  0  1  0  0  0]
[ 0  0  0  1  0  0]
[ 0  0  0  0  1  0]
[ 0  0  0  0  0 -1]

Point counts are [
    [ 76, 3 ],
    [ 136, 5 ],
    [ 736, 7 ],
    [ 1728, 11 ],
    [ 3576, 13 ],
    [ 5832, 17 ]
]

Good point counts are [
    [ 76, 3 ],
    [ 136, 5 ],
    [ 736, 7 ],
    [ 1728, 11 ],
    [ 3576, 13 ],
    [ 5832, 17 ]
]

Level of weight 4 newform is [ 0, 0, 0 ]

not modular


---------------------------------------------------------


Transformation matrix is:
[0 0 0 0 0 1]
[0 1 0 0 0 0]
[0 0 1 0 0 0]
[0 0 0 0 1 0]
[0 0 0 1 0 0]
[1 0 0 0 0 0]

Diagonal matrix is:
[ 1  0  0  0  0  0]
[ 0  1  0  0  0  0]
[ 0  0  1  0  0  0]
[ 0  0  0  1  0  0]
[ 0  0  0  0 -1  0]
[ 0  0  0  0  0 -1]

Point counts are [
    [ 64, 3 ],
    [ 156, 5 ],
    [ 728, 7 ],
    [ 1952, 11 ],
    [ 3608, 13 ],
    [ 5800, 17 ]
]

Good point counts are [
    [ 64, 3 ],
    [ 156, 5 ],
    [ 728, 7 ],
    [ 1952, 11 ],
    [ 3608, 13 ],
    [ 5800, 17 ]
]

Level of weight 4 newform is [ 480, 11, 1 ]

First coefficient can be obtained from:  [ <11, 3>, <5, 5>, <56, 7>, <56, 11>,
<108, 13>, <52, 17> ]
Second coefficient is  <[ 0, 0, 0, 0, 0, 0 ], [ <0, 5>, <49, 7>, <45, 11>, <95,
13>, <35, 17> ]>


---------------------------------------------------------


Transformation matrix is:
[0 0 0 0 0 1]
[0 1 0 0 0 0]
[0 0 0 1 0 0]
[0 0 1 0 0 0]
[0 0 0 0 1 0]
[1 0 0 0 0 0]

Diagonal matrix is:
[ 1  0  0  0  0  0]
[ 0  1  0  0  0  0]
[ 0  0  1  0  0  0]
[ 0  0  0  1  0  0]
[ 0  0  0  0 -1  0]
[ 0  0  0  0  0 -1]

Point counts are [
    [ 64, 3 ],
    [ 156, 5 ],
    [ 728, 7 ],
    [ 1952, 11 ],
    [ 3608, 13 ],
    [ 5800, 17 ]
]

Good point counts are [
    [ 64, 3 ],
    [ 156, 5 ],
    [ 728, 7 ],
    [ 1952, 11 ],
    [ 3608, 13 ],
    [ 5800, 17 ]
]

Level of weight 4 newform is [ 480, 11, 1 ]

First coefficient can be obtained from:  [ <11, 3>, <5, 5>, <56, 7>, <56, 11>,
<108, 13>, <52, 17> ]
Second coefficient is  <[ 0, 0, 0, 0, 0, 0 ], [ <0, 5>, <49, 7>, <45, 11>, <95,
13>, <35, 17> ]>


---------------------------------------------------------


Transformation matrix is:
[0 0 0 0 0 1]
[0 1 0 0 0 0]
[0 0 0 0 1 0]
[0 0 0 1 0 0]
[0 0 1 0 0 0]
[1 0 0 0 0 0]

Diagonal matrix is:
[ 1  0  0  0  0  0]
[ 0  1  0  0  0  0]
[ 0  0  1  0  0  0]
[ 0  0  0  1  0  0]
[ 0  0  0  0 -1  0]
[ 0  0  0  0  0 -1]

Point counts are [
    [ 64, 3 ],
    [ 156, 5 ],
    [ 728, 7 ],
    [ 1952, 11 ],
    [ 3608, 13 ],
    [ 5800, 17 ]
]

Good point counts are [
    [ 64, 3 ],
    [ 156, 5 ],
    [ 728, 7 ],
    [ 1952, 11 ],
    [ 3608, 13 ],
    [ 5800, 17 ]
]

Level of weight 4 newform is [ 480, 11, 1 ]

First coefficient can be obtained from:  [ <11, 3>, <5, 5>, <56, 7>, <56, 11>,
<108, 13>, <52, 17> ]
Second coefficient is  <[ 0, 0, 0, 0, 0, 0 ], [ <0, 5>, <49, 7>, <45, 11>, <95,
13>, <35, 17> ]>


---------------------------------------------------------


Transformation matrix is:
[0 0 0 0 0 1]
[0 0 1 0 0 0]
[0 1 0 0 0 0]
[0 0 0 1 0 0]
[0 0 0 0 1 0]
[1 0 0 0 0 0]

Diagonal matrix is:
[ 1  0  0  0  0  0]
[ 0  1  0  0  0  0]
[ 0  0  1  0  0  0]
[ 0  0  0  1  0  0]
[ 0  0  0  0 -1  0]
[ 0  0  0  0  0 -1]

Point counts are [
    [ 64, 3 ],
    [ 156, 5 ],
    [ 728, 7 ],
    [ 1952, 11 ],
    [ 3608, 13 ],
    [ 5800, 17 ]
]

Good point counts are [
    [ 64, 3 ],
    [ 156, 5 ],
    [ 728, 7 ],
    [ 1952, 11 ],
    [ 3608, 13 ],
    [ 5800, 17 ]
]

Level of weight 4 newform is [ 480, 11, 1 ]

First coefficient can be obtained from:  [ <11, 3>, <5, 5>, <56, 7>, <56, 11>,
<108, 13>, <52, 17> ]
Second coefficient is  <[ 0, 0, 0, 0, 0, 0 ], [ <0, 5>, <49, 7>, <45, 11>, <95,
13>, <35, 17> ]>


---------------------------------------------------------


Transformation matrix is:
[0 0 0 0 0 1]
[0 0 1 0 0 0]
[0 1 0 0 0 0]
[0 0 0 0 1 0]
[0 0 0 1 0 0]
[1 0 0 0 0 0]

Diagonal matrix is:
[ 1  0  0  0  0  0]
[ 0  1  0  0  0  0]
[ 0  0  1  0  0  0]
[ 0  0  0 -1  0  0]
[ 0  0  0  0 -1  0]
[ 0  0  0  0  0 -1]

Point counts are [
    [ 76, 3 ],
    [ 96, 5 ],
    [ 904, 7 ],
    [ 1728, 11 ],
    [ 3784, 13 ],
    [ 5832, 17 ]
]

Good point counts are [
    [ 76, 3 ],
    [ 96, 5 ],
    [ 904, 7 ],
    [ 1728, 11 ],
    [ 3784, 13 ],
    [ 5832, 17 ]
]

Level of weight 4 newform is [ 0, 0, 0 ]

not modular


---------------------------------------------------------


Transformation matrix is:
[0 0 0 0 0 1]
[0 0 0 1 0 0]
[0 0 1 0 0 0]
[0 1 0 0 0 0]
[0 0 0 0 1 0]
[1 0 0 0 0 0]

Diagonal matrix is:
[ 1  0  0  0  0  0]
[ 0  1  0  0  0  0]
[ 0  0  1  0  0  0]
[ 0  0  0  1  0  0]
[ 0  0  0  0 -1  0]
[ 0  0  0  0  0 -1]

Point counts are [
    [ 64, 3 ],
    [ 156, 5 ],
    [ 728, 7 ],
    [ 1952, 11 ],
    [ 3608, 13 ],
    [ 5800, 17 ]
]

Good point counts are [
    [ 64, 3 ],
    [ 156, 5 ],
    [ 728, 7 ],
    [ 1952, 11 ],
    [ 3608, 13 ],
    [ 5800, 17 ]
]

Level of weight 4 newform is [ 480, 11, 1 ]

First coefficient can be obtained from:  [ <11, 3>, <5, 5>, <56, 7>, <56, 11>,
<108, 13>, <52, 17> ]
Second coefficient is  <[ 0, 0, 0, 0, 0, 0 ], [ <0, 5>, <49, 7>, <45, 11>, <95,
13>, <35, 17> ]>


---------------------------------------------------------


Transformation matrix is:
[0 0 0 0 0 1]
[0 0 0 1 0 0]
[0 0 0 0 1 0]
[0 1 0 0 0 0]
[0 0 1 0 0 0]
[1 0 0 0 0 0]

Diagonal matrix is:
[ 1  0  0  0  0  0]
[ 0  1  0  0  0  0]
[ 0  0  1  0  0  0]
[ 0  0  0 -1  0  0]
[ 0  0  0  0 -1  0]
[ 0  0  0  0  0 -1]

Point counts are [
    [ 76, 3 ],
    [ 96, 5 ],
    [ 904, 7 ],
    [ 1728, 11 ],
    [ 3784, 13 ],
    [ 5832, 17 ]
]

Good point counts are [
    [ 76, 3 ],
    [ 96, 5 ],
    [ 904, 7 ],
    [ 1728, 11 ],
    [ 3784, 13 ],
    [ 5832, 17 ]
]

Level of weight 4 newform is [ 0, 0, 0 ]

not modular


---------------------------------------------------------


Transformation matrix is:
[0 0 0 0 0 1]
[0 0 0 0 1 0]
[0 0 1 0 0 0]
[0 0 0 1 0 0]
[0 1 0 0 0 0]
[1 0 0 0 0 0]

Diagonal matrix is:
[ 1  0  0  0  0  0]
[ 0  1  0  0  0  0]
[ 0  0  1  0  0  0]
[ 0  0  0  1  0  0]
[ 0  0  0  0 -1  0]
[ 0  0  0  0  0 -1]

^APoint counts are [
    [ 64, 3 ],
    [ 156, 5 ],
    [ 728, 7 ],
    [ 1952, 11 ],
    [ 3608, 13 ],
    [ 5800, 17 ]
]

Good point counts are [
    [ 64, 3 ],
    [ 156, 5 ],
    [ 728, 7 ],
    [ 1952, 11 ],
    [ 3608, 13 ],
    [ 5800, 17 ]
]

Level of weight 4 newform is [ 480, 11, 1 ]

First coefficient can be obtained from:  [ <11, 3>, <5, 5>, <56, 7>, <56, 11>,
<108, 13>, <52, 17> ]
Second coefficient is  <[ 0, 0, 0, 0, 0, 0 ], [ <0, 5>, <49, 7>, <45, 11>, <95,
13>, <35, 17> ]>


---------------------------------------------------------


Transformation matrix is:
[0 0 0 0 0 1]
[0 0 0 0 1 0]
[0 0 0 1 0 0]
[0 0 1 0 0 0]
[0 1 0 0 0 0]
[1 0 0 0 0 0]

Diagonal matrix is:
[ 1  0  0  0  0  0]
[ 0  1  0  0  0  0]
[ 0  0  1  0  0  0]
[ 0  0  0 -1  0  0]
[ 0  0  0  0 -1  0]
[ 0  0  0  0  0 -1]

Point counts are [
    [ 76, 3 ],
    [ 96, 5 ],
    [ 904, 7 ],
    [ 1728, 11 ],
    [ 3784, 13 ],
    [ 5832, 17 ]
]

Good point counts are [
    [ 76, 3 ],
    [ 96, 5 ],
    [ 904, 7 ],
    [ 1728, 11 ],
    [ 3784, 13 ],
