Transformation matrix is:
[1 0 0 0 0 0]
[0 1 0 0 0 0]
[0 0 1 0 0 0]
[0 0 0 1 0 0]
[0 0 0 0 1 0]
[0 0 0 0 0 1]

Diagonal matrix is:
[1 0 0 0 0 0]
[0 1 0 0 0 0]
[0 0 1 0 0 0]
[0 0 0 1 0 0]
[0 0 0 0 1 0]
[0 0 0 0 0 1]

Point counts are [
    [ 112, 3 ],
    [ 224, 5 ],
    [ 424, 7 ],
    [ 1704, 11 ],
    [ 2672, 13 ],
    [ 3968, 17 ]
]

Good point counts are [
    [ 112, 3 ],
    [ 224, 5 ],
    [ 424, 7 ],
    [ 1704, 11 ],
    [ 2672, 13 ],
    [ 3968, 17 ]
]

Level of weight 4 newform is [ 384, 8, 1 ]

First coefficient can be obtained from:  [ <27, 3>, <18, 5>, <10, 7>, <40, 11>,
<40, 13>, <-60, 17> ]
Second coefficient is  <[ 0, 0, 0, 0, 0, 0 ], [ <13, 5>, <3, 7>, <29, 11>, <27,
13>, <-77, 17> ]>


---------------------------------------------------------


Transformation matrix is:
[1 0 0 0 0 0]
[0 1 0 0 0 0]
[0 0 1 0 0 0]
[0 0 0 0 0 1]
[0 0 0 0 1 0]
[0 0 0 1 0 0]

Diagonal matrix is:
[ 1  0  0  0  0  0]
[ 0  1  0  0  0  0]
[ 0  0  1  0  0  0]
[ 0  0  0  1  0  0]
[ 0  0  0  0  1  0]
[ 0  0  0  0  0 -1]



---------------------------------------------------------


Transformation matrix is:
[1 0 0 0 0 0]
[0 0 1 0 0 0]
[0 1 0 0 0 0]
[0 0 0 1 0 0]
[0 0 0 0 1 0]
[0 0 0 0 0 1]

Diagonal matrix is:
[ 1  0  0  0  0  0]
[ 0  1  0  0  0  0]
[ 0  0  1  0  0  0]
[ 0  0  0  1  0  0]
[ 0  0  0  0  1  0]
[ 0  0  0  0  0 -1]



---------------------------------------------------------


Transformation matrix is:
[1 0 0 0 0 0]
[0 0 1 0 0 0]
[0 1 0 0 0 0]
[0 0 0 0 0 1]
[0 0 0 0 1 0]
[0 0 0 1 0 0]

Diagonal matrix is:
[ 1  0  0  0  0  0]
[ 0  1  0  0  0  0]
[ 0  0  1  0  0  0]
[ 0  0  0  1  0  0]
[ 0  0  0  0 -1  0]
[ 0  0  0  0  0 -1]

Point counts are [
    [ 82, 3 ],
    [ 179, 5 ],
    [ 445, 7 ],
    [ 1605, 11 ],
    [ 2451, 13 ],
    [ 4427, 17 ]
]

Good point counts are [
    [ 82, 3 ],
    [ 179, 5 ],
    [ 445, 7 ],
    [ 1605, 11 ],
    [ 2451, 13 ],
    [ 4427, 17 ]
]

Level of weight 4 newform is [ 384, 8, 1 ]

First coefficient can be obtained from:  [ <17, 3>, <9, 5>, <13, 7>, <31, 11>,
<23, 13>, <-33, 17> ]
Second coefficient is  <[ 0, 0, 0, 0, 0, 0 ], [ <4, 5>, <6, 7>, <20, 11>, <10,
13>, <-50, 17> ]>


---------------------------------------------------------


Transformation matrix is:
[0 1 0 0 0 0]
[1 0 0 0 0 0]
[0 0 1 0 0 0]
[0 0 0 1 0 0]
[0 0 0 0 1 0]
[0 0 0 0 0 1]

Diagonal matrix is:
[ 1  0  0  0  0  0]
[ 0  1  0  0  0  0]
[ 0  0  1  0  0  0]
[ 0  0  0  1  0  0]
[ 0  0  0  0  1  0]
[ 0  0  0  0  0 -1]



---------------------------------------------------------


Transformation matrix is:
[0 1 0 0 0 0]
[1 0 0 0 0 0]
[0 0 1 0 0 0]
[0 0 0 0 0 1]
[0 0 0 0 1 0]
[0 0 0 1 0 0]

Diagonal matrix is:
[ 1  0  0  0  0  0]
[ 0  1  0  0  0  0]
[ 0  0  1  0  0  0]
[ 0  0  0  1  0  0]
[ 0  0  0  0 -1  0]
[ 0  0  0  0  0 -1]

Point counts are [
    [ 82, 3 ],
    [ 179, 5 ],
    [ 445, 7 ],
    [ 1605, 11 ],
    [ 2451, 13 ],
    [ 4427, 17 ]
]

Good point counts are [
    [ 82, 3 ],
    [ 179, 5 ],
    [ 445, 7 ],
    [ 1605, 11 ],
    [ 2451, 13 ],
    [ 4427, 17 ]
]

Level of weight 4 newform is [ 384, 8, 1 ]

First coefficient can be obtained from:  [ <17, 3>, <9, 5>, <13, 7>, <31, 11>,
<23, 13>, <-33, 17> ]
Second coefficient is  <[ 0, 0, 0, 0, 0, 0 ], [ <4, 5>, <6, 7>, <20, 11>, <10,
13>, <-50, 17> ]>


---------------------------------------------------------


Transformation matrix is:
[0 0 1 0 0 0]
[0 1 0 0 0 0]
[1 0 0 0 0 0]
[0 0 0 1 0 0]
[0 0 0 0 1 0]
[0 0 0 0 0 1]

Diagonal matrix is:
[ 1  0  0  0  0  0]
[ 0  1  0  0  0  0]
[ 0  0  1  0  0  0]
[ 0  0  0  1  0  0]
[ 0  0  0  0  1  0]
[ 0  0  0  0  0 -1]



---------------------------------------------------------


Transformation matrix is:
[0 0 1 0 0 0]
[0 1 0 0 0 0]
[1 0 0 0 0 0]
[0 0 0 0 0 1]
[0 0 0 0 1 0]
[0 0 0 1 0 0]

Diagonal matrix is:
[ 1  0  0  0  0  0]
[ 0  1  0  0  0  0]
[ 0  0  1  0  0  0]
[ 0  0  0  1  0  0]
[ 0  0  0  0 -1  0]
[ 0  0  0  0  0 -1]

Point counts are [
    [ 82, 3 ],
    [ 179, 5 ],
    [ 445, 7 ],
    [ 1605, 11 ],
    [ 2451, 13 ],
    [ 4427, 17 ]
]

Good point counts are [
    [ 82, 3 ],
    [ 179, 5 ],
    [ 445, 7 ],
    [ 1605, 11 ],
    [ 2451, 13 ],
    [ 4427, 17 ]
]

Level of weight 4 newform is [ 384, 8, 1 ]

First coefficient can be obtained from:  [ <17, 3>, <9, 5>, <13, 7>, <31, 11>,
<23, 13>, <-33, 17> ]
Second coefficient is  <[ 0, 0, 0, 0, 0, 0 ], [ <4, 5>, <6, 7>, <20, 11>, <10,
13>, <-50, 17> ]>


---------------------------------------------------------
