Transformation matrix is:
[1 0 0 0 0 0]
[0 1 0 0 0 0]
[0 0 1 0 0 0]
[0 0 0 1 0 0]
[0 0 0 0 1 0]
[0 0 0 0 0 1]

Diagonal matrix is:
[1 0 0 0 0 0]
[0 1 0 0 0 0]
[0 0 1 0 0 0]
[0 0 0 1 0 0]
[0 0 0 0 1 0]
[0 0 0 0 0 1]

Point counts are [
    [ 121, 3 ],
    [ 96, 5 ],
    [ 244, 7 ],
    [ 1404, 11 ],
    [ 2884, 13 ],
    [ 4308, 17 ]
]

Good point counts are [
    [ 121, 3 ],
    [ 96, 5 ],
    [ 244, 7 ],
    [ 1404, 11 ],
    [ 2884, 13 ],
    [ 4308, 17 ]
]

Level of weight 4 newform is [ 1440, 7, 1 ]

First coefficient can be obtained from:  [ <31, 3>, <-5, 5>, <-10, 7>, <2, 11>,
<46, 13>, <-40, 17> ]
Second coefficient is  <[ 0, 0, 0, 0, 0, 0 ], [ <-10, 5>, <-17, 7>, <-9, 11>,
<33, 13>, <-57, 17> ]>


---------------------------------------------------------


Transformation matrix is:
[1 0 0 0 0 0]
[0 1 0 0 0 0]
[0 0 1 0 0 0]
[0 0 0 0 0 1]
[0 0 0 0 1 0]
[0 0 0 1 0 0]

Diagonal matrix is:
[ 1  0  0  0  0  0]
[ 0  1  0  0  0  0]
[ 0  0  1  0  0  0]
[ 0  0  0  1  0  0]
[ 0  0  0  0  1  0]
[ 0  0  0  0  0 -1]



---------------------------------------------------------


Transformation matrix is:
[1 0 0 0 0 0]
[0 0 1 0 0 0]
[0 1 0 0 0 0]
[0 0 0 1 0 0]
[0 0 0 0 1 0]
[0 0 0 0 0 1]

Diagonal matrix is:
[ 1  0  0  0  0  0]
[ 0  1  0  0  0  0]
[ 0  0  1  0  0  0]
[ 0  0  0  1  0  0]
[ 0  0  0  0  1  0]
[ 0  0  0  0  0 -1]



---------------------------------------------------------


Transformation matrix is:
[1 0 0 0 0 0]
[0 0 1 0 0 0]
[0 1 0 0 0 0]
[0 0 0 0 0 1]
[0 0 0 0 1 0]
[0 0 0 1 0 0]

Diagonal matrix is:
[ 1  0  0  0  0  0]
[ 0  1  0  0  0  0]
[ 0  0  1  0  0  0]
[ 0  0  0  1  0  0]
[ 0  0  0  0 -1  0]
[ 0  0  0  0  0 -1]

Point counts are [
    [ 94, 3 ],
    [ 151, 5 ],
    [ 314, 7 ],
    [ 1382, 11 ],
    [ 2598, 13 ],
    [ 4784, 17 ]
]

Good point counts are [
    [ 94, 3 ],
    [ 151, 5 ],
    [ 314, 7 ],
    [ 1382, 11 ],
    [ 2598, 13 ],
    [ 4784, 17 ]
]

Level of weight 4 newform is [ 1440, 7, 1 ]

First coefficient can be obtained from:  [ <22, 3>, <6, 5>, <0, 7>, <0, 11>,
<24, 13>, <-12, 17> ]
Second coefficient is  <[ 0, 0, 0, 0, 0, 0 ], [ <1, 5>, <-7, 7>, <-11, 11>, <11,
13>, <-29, 17> ]>


---------------------------------------------------------


Transformation matrix is:
[0 1 0 0 0 0]
[1 0 0 0 0 0]
[0 0 1 0 0 0]
[0 0 0 1 0 0]
[0 0 0 0 1 0]
[0 0 0 0 0 1]

Diagonal matrix is:
[ 1  0  0  0  0  0]
[ 0  1  0  0  0  0]
[ 0  0  1  0  0  0]
[ 0  0  0  1  0  0]
[ 0  0  0  0  1  0]
[ 0  0  0  0  0 -1]



---------------------------------------------------------


Transformation matrix is:
[0 1 0 0 0 0]
[1 0 0 0 0 0]
[0 0 1 0 0 0]
[0 0 0 0 0 1]
[0 0 0 0 1 0]
[0 0 0 1 0 0]

Diagonal matrix is:
[ 1  0  0  0  0  0]
[ 0  1  0  0  0  0]
[ 0  0  1  0  0  0]
[ 0  0  0  1  0  0]
[ 0  0  0  0 -1  0]
[ 0  0  0  0  0 -1]

Point counts are [
    [ 94, 3 ],
    [ 151, 5 ],
    [ 314, 7 ],
    [ 1382, 11 ],
    [ 2598, 13 ],
    [ 4784, 17 ]
]

Good point counts are [
    [ 94, 3 ],
    [ 151, 5 ],
    [ 314, 7 ],
    [ 1382, 11 ],
    [ 2598, 13 ],
    [ 4784, 17 ]
]

Level of weight 4 newform is [ 1440, 7, 1 ]

First coefficient can be obtained from:  [ <22, 3>, <6, 5>, <0, 7>, <0, 11>,
<24, 13>, <-12, 17> ]
Second coefficient is  <[ 0, 0, 0, 0, 0, 0 ], [ <1, 5>, <-7, 7>, <-11, 11>, <11,
13>, <-29, 17> ]>


---------------------------------------------------------


Transformation matrix is:
[0 0 1 0 0 0]
[0 1 0 0 0 0]
[1 0 0 0 0 0]
[0 0 0 1 0 0]
[0 0 0 0 1 0]
[0 0 0 0 0 1]

Diagonal matrix is:
[ 1  0  0  0  0  0]
[ 0  1  0  0  0  0]
[ 0  0  1  0  0  0]
[ 0  0  0  1  0  0]
[ 0  0  0  0  1  0]
[ 0  0  0  0  0 -1]



---------------------------------------------------------


Transformation matrix is:
[0 0 1 0 0 0]
[0 1 0 0 0 0]
[1 0 0 0 0 0]
[0 0 0 0 0 1]
[0 0 0 0 1 0]
[0 0 0 1 0 0]

Diagonal matrix is:
[ 1  0  0  0  0  0]
[ 0  1  0  0  0  0]
[ 0  0  1  0  0  0]
[ 0  0  0  1  0  0]
[ 0  0  0  0 -1  0]
[ 0  0  0  0  0 -1]

Point counts are [
    [ 94, 3 ],
    [ 151, 5 ],
    [ 314, 7 ],
    [ 1382, 11 ],
    [ 2598, 13 ],
    [ 4784, 17 ]
]

Good point counts are [
    [ 94, 3 ],
    [ 151, 5 ],
    [ 314, 7 ],
    [ 1382, 11 ],
    [ 2598, 13 ],
    [ 4784, 17 ]
]

Level of weight 4 newform is [ 1440, 7, 1 ]

First coefficient can be obtained from:  [ <22, 3>, <6, 5>, <0, 7>, <0, 11>,
<24, 13>, <-12, 17> ]
Second coefficient is  <[ 0, 0, 0, 0, 0, 0 ], [ <1, 5>, <-7, 7>, <-11, 11>, <11,
13>, <-29, 17> ]>


---------------------------------------------------------
