Transformation matrix is:
[1 0 0 0 0 0]
[0 1 0 0 0 0]
[0 0 1 0 0 0]
[0 0 0 1 0 0]
[0 0 0 0 1 0]
[0 0 0 0 0 1]

Diagonal matrix is:
[1 0 0 0 0 0]
[0 1 0 0 0 0]
[0 0 1 0 0 0]
[0 0 0 1 0 0]
[0 0 0 0 1 0]
[0 0 0 0 0 1]

Point counts are [
    [ 112, 3 ],
    [ 160, 5 ],
    [ 672, 7 ],
    [ 768, 11 ],
    [ 2560, 13 ],
    [ 3984, 17 ]
]

Good point counts are [
    [ 112, 3 ],
    [ 160, 5 ],
    [ 672, 7 ],
    [ 768, 11 ],
    [ 2560, 13 ],
    [ 3984, 17 ]
]

Level of weight 4 newform is [ 96, 6, 1 ]

First coefficient can be obtained from:  [ <27, 3>, <4, 5>, <52, 7>, <-48, 11>,
<32, 13>, <-56, 17> ]
Second coefficient is  <[ 0, 0, 0, 0, 0, 0 ], [ <-1, 5>, <45, 7>, <-59, 11>,
<19, 13>, <-73, 17> ]>


---------------------------------------------------------


Transformation matrix is:
[1 0 0 0 0 0]
[0 1 0 0 0 0]
[0 0 1 0 0 0]
[0 0 0 0 1 0]
[0 0 0 1 0 0]
[0 0 0 0 0 1]

Diagonal matrix is:
[ 1  0  0  0  0  0]
[ 0  1  0  0  0  0]
[ 0  0  1  0  0  0]
[ 0  0  0  1  0  0]
[ 0  0  0  0  1  0]
[ 0  0  0  0  0 -1]



---------------------------------------------------------


Transformation matrix is:
[1 0 0 0 0 0]
[0 1 0 0 0 0]
[0 0 0 0 0 1]
[0 0 0 1 0 0]
[0 0 0 0 1 0]
[0 0 1 0 0 0]

Diagonal matrix is:
[ 1  0  0  0  0  0]
[ 0  1  0  0  0  0]
[ 0  0  1  0  0  0]
[ 0  0  0  1  0  0]
[ 0  0  0  0  1  0]
[ 0  0  0  0  0 -1]



---------------------------------------------------------


Transformation matrix is:
[1 0 0 0 0 0]
[0 1 0 0 0 0]
[0 0 0 0 0 1]
[0 0 0 0 1 0]
[0 0 0 1 0 0]
[0 0 1 0 0 0]

Diagonal matrix is:
[ 1  0  0  0  0  0]
[ 0  1  0  0  0  0]
[ 0  0  1  0  0  0]
[ 0  0  0  1  0  0]
[ 0  0  0  0 -1  0]
[ 0  0  0  0  0 -1]

Point counts are [
    [ 82, 3 ],
    [ 140, 5 ],
    [ 532, 7 ],
    [ 1164, 11 ],
    [ 2404, 13 ],
    [ 4596, 17 ]
]

Good point counts are [
    [ 82, 3 ],
    [ 140, 5 ],
    [ 532, 7 ],
    [ 1164, 11 ],
    [ 2404, 13 ],
    [ 4596, 17 ]
]

Level of weight 4 newform is [ 96, 6, 1 ]

First coefficient can be obtained from:  [ <17, 3>, <0, 5>, <32, 7>, <-12, 11>,
<20, 13>, <-20, 17> ]
Second coefficient is  <[ 0, 0, 0, 0, 0, 0 ], [ <-5, 5>, <25, 7>, <-23, 11>, <7,
13>, <-37, 17> ]>


---------------------------------------------------------


Transformation matrix is:
[1 0 0 0 0 0]
[0 0 1 0 0 0]
[0 1 0 0 0 0]
[0 0 0 1 0 0]
[0 0 0 0 1 0]
[0 0 0 0 0 1]

Diagonal matrix is:
[ 1  0  0  0  0  0]
[ 0  1  0  0  0  0]
[ 0  0  1  0  0  0]
[ 0  0  0  1  0  0]
[ 0  0  0  0  1  0]
[ 0  0  0  0  0 -1]



---------------------------------------------------------


Transformation matrix is:
[1 0 0 0 0 0]
[0 0 1 0 0 0]
[0 1 0 0 0 0]
[0 0 0 0 1 0]
[0 0 0 1 0 0]
[0 0 0 0 0 1]

Diagonal matrix is:
[ 1  0  0  0  0  0]
[ 0  1  0  0  0  0]
[ 0  0  1  0  0  0]
[ 0  0  0  1  0  0]
[ 0  0  0  0 -1  0]
[ 0  0  0  0  0 -1]

Point counts are [
    [ 82, 3 ],
    [ 140, 5 ],
    [ 532, 7 ],
    [ 1164, 11 ],
    [ 2404, 13 ],
    [ 4596, 17 ]
]

Good point counts are [
    [ 82, 3 ],
    [ 140, 5 ],
    [ 532, 7 ],
    [ 1164, 11 ],
    [ 2404, 13 ],
    [ 4596, 17 ]
]

Level of weight 4 newform is [ 96, 6, 1 ]

First coefficient can be obtained from:  [ <17, 3>, <0, 5>, <32, 7>, <-12, 11>,
<20, 13>, <-20, 17> ]
Second coefficient is  <[ 0, 0, 0, 0, 0, 0 ], [ <-5, 5>, <25, 7>, <-23, 11>, <7,
13>, <-37, 17> ]>


---------------------------------------------------------


Transformation matrix is:
[1 0 0 0 0 0]
[0 0 0 0 0 1]
[0 0 1 0 0 0]
[0 0 0 1 0 0]
[0 0 0 0 1 0]
[0 1 0 0 0 0]

Diagonal matrix is:
[ 1  0  0  0  0  0]
[ 0  1  0  0  0  0]
[ 0  0  1  0  0  0]
[ 0  0  0  1  0  0]
[ 0  0  0  0  1  0]
[ 0  0  0  0  0 -1]



---------------------------------------------------------


Transformation matrix is:
[1 0 0 0 0 0]
[0 0 0 0 0 1]
[0 0 1 0 0 0]
[0 0 0 0 1 0]
[0 0 0 1 0 0]
[0 1 0 0 0 0]

Diagonal matrix is:
[ 1  0  0  0  0  0]
[ 0  1  0  0  0  0]
[ 0  0  1  0  0  0]
[ 0  0  0  1  0  0]
[ 0  0  0  0 -1  0]
[ 0  0  0  0  0 -1]

Point counts are [
    [ 82, 3 ],
    [ 140, 5 ],
    [ 532, 7 ],
    [ 1164, 11 ],
    [ 2404, 13 ],
    [ 4596, 17 ]
]

Good point counts are [
    [ 82, 3 ],
    [ 140, 5 ],
    [ 532, 7 ],
    [ 1164, 11 ],
    [ 2404, 13 ],
    [ 4596, 17 ]
]

Level of weight 4 newform is [ 96, 6, 1 ]

First coefficient can be obtained from:  [ <17, 3>, <0, 5>, <32, 7>, <-12, 11>,
<20, 13>, <-20, 17> ]
Second coefficient is  <[ 0, 0, 0, 0, 0, 0 ], [ <-5, 5>, <25, 7>, <-23, 11>, <7,
13>, <-37, 17> ]>


---------------------------------------------------------


Transformation matrix is:
[0 1 0 0 0 0]
[1 0 0 0 0 0]
[0 0 1 0 0 0]
[0 0 0 1 0 0]
[0 0 0 0 1 0]
[0 0 0 0 0 1]

Diagonal matrix is:
[ 1  0  0  0  0  0]
[ 0  1  0  0  0  0]
[ 0  0  1  0  0  0]
[ 0  0  0  1  0  0]
[ 0  0  0  0  1  0]
[ 0  0  0  0  0 -1]



---------------------------------------------------------


Transformation matrix is:
[0 1 0 0 0 0]
[1 0 0 0 0 0]
[0 0 1 0 0 0]
[0 0 0 0 1 0]
[0 0 0 1 0 0]
[0 0 0 0 0 1]

Diagonal matrix is:
[ 1  0  0  0  0  0]
[ 0  1  0  0  0  0]
[ 0  0  1  0  0  0]
[ 0  0  0  1  0  0]
[ 0  0  0  0 -1  0]
[ 0  0  0  0  0 -1]

Point counts are [
    [ 82, 3 ],
    [ 140, 5 ],
    [ 532, 7 ],
    [ 1164, 11 ],
    [ 2404, 13 ],
    [ 4596, 17 ]
]

Good point counts are [
    [ 82, 3 ],
    [ 140, 5 ],
    [ 532, 7 ],
    [ 1164, 11 ],
    [ 2404, 13 ],
    [ 4596, 17 ]
]

Level of weight 4 newform is [ 96, 6, 1 ]

First coefficient can be obtained from:  [ <17, 3>, <0, 5>, <32, 7>, <-12, 11>,
<20, 13>, <-20, 17> ]
Second coefficient is  <[ 0, 0, 0, 0, 0, 0 ], [ <-5, 5>, <25, 7>, <-23, 11>, <7,
13>, <-37, 17> ]>


---------------------------------------------------------


Transformation matrix is:
[0 1 0 0 0 0]
[1 0 0 0 0 0]
[0 0 0 0 0 1]
[0 0 0 1 0 0]
[0 0 0 0 1 0]
[0 0 1 0 0 0]

Diagonal matrix is:
[ 1  0  0  0  0  0]
[ 0  1  0  0  0  0]
[ 0  0  1  0  0  0]
[ 0  0  0  1  0  0]
[ 0  0  0  0 -1  0]
[ 0  0  0  0  0 -1]

Point counts are [
    [ 64, 3 ],
    [ 180, 5 ],
    [ 476, 7 ],
    [ 988, 11 ],
    [ 2612, 13 ],
    [ 4868, 17 ]
]

Good point counts are [
    [ 64, 3 ],
    [ 180, 5 ],
    [ 476, 7 ],
    [ 988, 11 ],
    [ 2612, 13 ],
    [ 4868, 17 ]
]

Level of weight 4 newform is [ 96, 6, 1 ]

First coefficient can be obtained from:  [ <11, 3>, <8, 5>, <24, 7>, <-28, 11>,
<36, 13>, <-4, 17> ]
Second coefficient is  <[ 0, 0, 0, 0, 0, 0 ], [ <3, 5>, <17, 7>, <-39, 11>, <23,
13>, <-21, 17> ]>


---------------------------------------------------------


Transformation matrix is:
[0 1 0 0 0 0]
[1 0 0 0 0 0]
[0 0 0 0 0 1]
[0 0 0 0 1 0]
[0 0 0 1 0 0]
[0 0 1 0 0 0]

Diagonal matrix is:
[ 1  0  0  0  0  0]
[ 0  1  0  0  0  0]
[ 0  0  1  0  0  0]
[ 0  0  0 -1  0  0]
[ 0  0  0  0 -1  0]
[ 0  0  0  0  0 -1]



---------------------------------------------------------


Transformation matrix is:
[0 0 1 0 0 0]
[0 1 0 0 0 0]
[1 0 0 0 0 0]
[0 0 0 1 0 0]
[0 0 0 0 1 0]
[0 0 0 0 0 1]

Diagonal matrix is:
[ 1  0  0  0  0  0]
[ 0  1  0  0  0  0]
[ 0  0  1  0  0  0]
[ 0  0  0  1  0  0]
[ 0  0  0  0  1  0]
[ 0  0  0  0  0 -1]



---------------------------------------------------------


Transformation matrix is:
[0 0 1 0 0 0]
[0 1 0 0 0 0]
[1 0 0 0 0 0]
[0 0 0 0 1 0]
[0 0 0 1 0 0]
[0 0 0 0 0 1]

Diagonal matrix is:
[ 1  0  0  0  0  0]
[ 0  1  0  0  0  0]
[ 0  0  1  0  0  0]
[ 0  0  0  1  0  0]
[ 0  0  0  0 -1  0]
[ 0  0  0  0  0 -1]

Point counts are [
    [ 82, 3 ],
    [ 140, 5 ],
    [ 532, 7 ],
    [ 1164, 11 ],
    [ 2404, 13 ],
    [ 4596, 17 ]
]

Good point counts are [
    [ 82, 3 ],
    [ 140, 5 ],
    [ 532, 7 ],
    [ 1164, 11 ],
    [ 2404, 13 ],
    [ 4596, 17 ]
]

Level of weight 4 newform is [ 96, 6, 1 ]

First coefficient can be obtained from:  [ <17, 3>, <0, 5>, <32, 7>, <-12, 11>,
<20, 13>, <-20, 17> ]
Second coefficient is  <[ 0, 0, 0, 0, 0, 0 ], [ <-5, 5>, <25, 7>, <-23, 11>, <7,
13>, <-37, 17> ]>


---------------------------------------------------------


Transformation matrix is:
[0 0 1 0 0 0]
[0 0 0 0 0 1]
[1 0 0 0 0 0]
[0 0 0 1 0 0]
[0 0 0 0 1 0]
[0 1 0 0 0 0]

Diagonal matrix is:
[ 1  0  0  0  0  0]
[ 0  1  0  0  0  0]
[ 0  0  1  0  0  0]
[ 0  0  0  1  0  0]
[ 0  0  0  0 -1  0]
[ 0  0  0  0  0 -1]

Point counts are [
    [ 64, 3 ],
    [ 180, 5 ],
    [ 476, 7 ],
    [ 988, 11 ],
    [ 2612, 13 ],
    [ 4868, 17 ]
]

Good point counts are [
    [ 64, 3 ],
    [ 180, 5 ],
    [ 476, 7 ],
    [ 988, 11 ],
    [ 2612, 13 ],
    [ 4868, 17 ]
]

Level of weight 4 newform is [ 96, 6, 1 ]

First coefficient can be obtained from:  [ <11, 3>, <8, 5>, <24, 7>, <-28, 11>,
<36, 13>, <-4, 17> ]
Second coefficient is  <[ 0, 0, 0, 0, 0, 0 ], [ <3, 5>, <17, 7>, <-39, 11>, <23,
13>, <-21, 17> ]>


---------------------------------------------------------


Transformation matrix is:
[0 0 1 0 0 0]
[0 0 0 0 0 1]
[1 0 0 0 0 0]
[0 0 0 0 1 0]
[0 0 0 1 0 0]
[0 1 0 0 0 0]

Diagonal matrix is:
[ 1  0  0  0  0  0]
[ 0  1  0  0  0  0]
[ 0  0  1  0  0  0]
[ 0  0  0 -1  0  0]
[ 0  0  0  0 -1  0]
[ 0  0  0  0  0 -1]



---------------------------------------------------------


Transformation matrix is:
[0 0 0 0 0 1]
[0 1 0 0 0 0]
[0 0 1 0 0 0]
[0 0 0 1 0 0]
[0 0 0 0 1 0]
[1 0 0 0 0 0]

Diagonal matrix is:
[ 1  0  0  0  0  0]
[ 0  1  0  0  0  0]
[ 0  0  1  0  0  0]
[ 0  0  0  1  0  0]
[ 0  0  0  0  1  0]
[ 0  0  0  0  0 -1]



---------------------------------------------------------


Transformation matrix is:
[0 0 0 0 0 1]
[0 1 0 0 0 0]
[0 0 1 0 0 0]
[0 0 0 0 1 0]
[0 0 0 1 0 0]
[1 0 0 0 0 0]

Diagonal matrix is:
[ 1  0  0  0  0  0]
[ 0  1  0  0  0  0]
[ 0  0  1  0  0  0]
[ 0  0  0  1  0  0]
[ 0  0  0  0 -1  0]
[ 0  0  0  0  0 -1]

Point counts are [
    [ 82, 3 ],
    [ 140, 5 ],
    [ 532, 7 ],
    [ 1164, 11 ],
    [ 2404, 13 ],
    [ 4596, 17 ]
]

Good point counts are [
    [ 82, 3 ],
    [ 140, 5 ],
    [ 532, 7 ],
    [ 1164, 11 ],
    [ 2404, 13 ],
    [ 4596, 17 ]
]

Level of weight 4 newform is [ 96, 6, 1 ]

First coefficient can be obtained from:  [ <17, 3>, <0, 5>, <32, 7>, <-12, 11>,
<20, 13>, <-20, 17> ]
Second coefficient is  <[ 0, 0, 0, 0, 0, 0 ], [ <-5, 5>, <25, 7>, <-23, 11>, <7,
13>, <-37, 17> ]>


---------------------------------------------------------


Transformation matrix is:
[0 0 0 0 0 1]
[0 0 1 0 0 0]
[0 1 0 0 0 0]
[0 0 0 1 0 0]
[0 0 0 0 1 0]
[1 0 0 0 0 0]

Diagonal matrix is:
[ 1  0  0  0  0  0]
[ 0  1  0  0  0  0]
[ 0  0  1  0  0  0]
[ 0  0  0  1  0  0]
[ 0  0  0  0 -1  0]
[ 0  0  0  0  0 -1]

Point counts are [
    [ 64, 3 ],
    [ 180, 5 ],
    [ 476, 7 ],
    [ 988, 11 ],
    [ 2612, 13 ],
    [ 4868, 17 ]
]

Good point counts are [
    [ 64, 3 ],
    [ 180, 5 ],
    [ 476, 7 ],
    [ 988, 11 ],
    [ 2612, 13 ],
    [ 4868, 17 ]
]

Level of weight 4 newform is [ 96, 6, 1 ]

First coefficient can be obtained from:  [ <11, 3>, <8, 5>, <24, 7>, <-28, 11>,
<36, 13>, <-4, 17> ]
Second coefficient is  <[ 0, 0, 0, 0, 0, 0 ], [ <3, 5>, <17, 7>, <-39, 11>, <23,
13>, <-21, 17> ]>


---------------------------------------------------------


Transformation matrix is:
[0 0 0 0 0 1]
[0 0 1 0 0 0]
[0 1 0 0 0 0]
[0 0 0 0 1 0]
[0 0 0 1 0 0]
[1 0 0 0 0 0]

Diagonal matrix is:
[ 1  0  0  0  0  0]
[ 0  1  0  0  0  0]
[ 0  0  1  0  0  0]
[ 0  0  0 -1  0  0]
[ 0  0  0  0 -1  0]
[ 0  0  0  0  0 -1]



---------------------------------------------------------
