Transformation matrix is:
[1 0 0 0]
[0 1 0 0]
[0 0 1 0]
[0 0 0 1]

Diagonal matrix is:
[1 0 0 0]
[0 1 0 0]
[0 0 1 0]
[0 0 0 1]

Point counts are [
    [ 34, 3 ],
    [ 156, 5 ],
    [ 404, 7 ],
    [ 1482, 11 ],
    [ 2356, 13 ],
    [ 5170, 17 ],
    [ 7122, 19 ],
    [ 12564, 23 ]
]

Good point counts are [
    [ 34, 3 ],
    [ 156, 5 ],
    [ 404, 7 ],
    [ 1482, 11 ],
    [ 2356, 13 ],
    [ 5170, 17 ],
    [ 7122, 19 ],
    [ 12564, 23 ]
]
Level of weight 4 newform is [ 0, 0, 0 ]

not modular


---------------------------------------------------------


>
