Transformation matrix is:
[1 0 0 0]
[0 1 0 0]
[0 0 1 0]
[0 0 0 1]

Diagonal matrix is:
[1 0 0 0]
[0 1 0 0]
[0 0 1 0]
[0 0 0 1]

Point counts are [
    [ 40, 3 ],
    [ 134, 5 ],
    [ 323, 7 ],
    [ 1610, 11 ],
    [ 2500, 13 ],
    [ 5086, 17 ],
    [ 6812, 19 ],
    [ 12842, 23 ]
]

Good point counts are [
    [ 40, 3 ],
    [ 134, 5 ],
    [ 323, 7 ],
    [ 1610, 11 ],
    [ 2500, 13 ],
    [ 5086, 17 ],
    [ 6812, 19 ],
    [ 12842, 23 ]
]
Level of weight 4 newform is [ 0, 0, 0 ]

not modular


---------------------------------------------------------


Transformation matrix is:
[1 0 0 0]
[0 1 0 0]
[0 0 0 1]
[0 0 1 0]

Diagonal matrix is:
[ 1  0  0  0]
[ 0  1  0  0]
[ 0  0  1  0]
[ 0  0  0 -1]

Point counts are [
    [ 40, 3 ],
    [ 146, 5 ],
    [ 365, 7 ],
    [ 1530, 11 ],
    [ 2432, 13 ],
    [ 5152, 17 ],
    [ 7164, 19 ],
    [ 12628, 23 ]
]

Good point counts are [
    [ 40, 3 ],
    [ 146, 5 ],
    [ 365, 7 ],
    [ 1530, 11 ],
    [ 2432, 13 ],
    [ 5152, 17 ],
    [ 7164, 19 ],
    [ 12628, 23 ]
]
Level of weight 4 newform is [ 0, 0, 0 ]

not modular


---------------------------------------------------------


Transformation matrix is:
[1 0 0 0]
[0 0 1 0]
[0 1 0 0]
[0 0 0 1]

Diagonal matrix is:
[ 1  0  0  0]
[ 0  1  0  0]
[ 0  0  1  0]
[ 0  0  0 -1]

Point counts are [
    [ 40, 3 ],
    [ 146, 5 ],
    [ 365, 7 ],
    [ 1530, 11 ],
    [ 2432, 13 ],
    [ 5152, 17 ],
    [ 7164, 19 ],
    [ 12628, 23 ]
]

Good point counts are [
    [ 40, 3 ],
    [ 146, 5 ],
    [ 365, 7 ],
    [ 1530, 11 ],
    [ 2432, 13 ],
    [ 5152, 17 ],
    [ 7164, 19 ],
    [ 12628, 23 ]
]
Level of weight 4 newform is [ 0, 0, 0 ]

not modular


---------------------------------------------------------


Transformation matrix is:
[1 0 0 0]
[0 0 0 1]
[0 0 1 0]
[0 1 0 0]

Diagonal matrix is:
[ 1  0  0  0]
[ 0  1  0  0]
[ 0  0  1  0]
[ 0  0  0 -1]

Point counts are [
    [ 40, 3 ],
    [ 146, 5 ],
    [ 365, 7 ],
    [ 1530, 11 ],
    [ 2432, 13 ],
    [ 5152, 17 ],
    [ 7164, 19 ],
    [ 12628, 23 ]
]

Good point counts are [
    [ 40, 3 ],
    [ 146, 5 ],
    [ 365, 7 ],
    [ 1530, 11 ],
    [ 2432, 13 ],
    [ 5152, 17 ],
    [ 7164, 19 ],
    [ 12628, 23 ]
]
Level of weight 4 newform is [ 0, 0, 0 ]

not modular


---------------------------------------------------------


Transformation matrix is:
[0 1 0 0]
[1 0 0 0]
[0 0 1 0]
[0 0 0 1]

Diagonal matrix is:
[ 1  0  0  0]
[ 0  1  0  0]
[ 0  0  1  0]
[ 0  0  0 -1]

Point counts are [
    [ 40, 3 ],
    [ 146, 5 ],
    [ 365, 7 ],
    [ 1530, 11 ],
    [ 2432, 13 ],
    [ 5152, 17 ],
    [ 7164, 19 ],
    [ 12628, 23 ]
]

Good point counts are [
    [ 40, 3 ],
    [ 146, 5 ],
    [ 365, 7 ],
    [ 1530, 11 ],
    [ 2432, 13 ],
    [ 5152, 17 ],
    [ 7164, 19 ],
    [ 12628, 23 ]
]
Level of weight 4 newform is [ 0, 0, 0 ]

not modular


---------------------------------------------------------


Transformation matrix is:
[0 1 0 0]
[1 0 0 0]
[0 0 0 1]
[0 0 1 0]

Diagonal matrix is:
[ 1  0  0  0]
[ 0  1  0  0]
[ 0  0 -1  0]
[ 0  0  0 -1]

Point counts are [
    [ 34, 3 ],
    [ 134, 5 ],
    [ 323, 7 ],
    [ 1566, 11 ],
    [ 2604, 13 ],
    [ 5222, 17 ],
    [ 6888, 19 ],
    [ 12934, 23 ]
]

Good point counts are [
    [ 34, 3 ],
    [ 134, 5 ],
    [ 323, 7 ],
    [ 1566, 11 ],
    [ 2604, 13 ],
    [ 5222, 17 ],
    [ 6888, 19 ],
    [ 12934, 23 ]
]
Level of weight 4 newform is [ 0, 0, 0 ]

not modular


---------------------------------------------------------


Transformation matrix is:
[0 0 1 0]
[0 1 0 0]
[1 0 0 0]
[0 0 0 1]

Diagonal matrix is:
[ 1  0  0  0]
[ 0  1  0  0]
[ 0  0  1  0]
[ 0  0  0 -1]

Point counts are [
    [ 40, 3 ],
    [ 146, 5 ],
    [ 365, 7 ],
    [ 1530, 11 ],
    [ 2432, 13 ],
    [ 5152, 17 ],
    [ 7164, 19 ],
    [ 12628, 23 ]
]

Good point counts are [
    [ 40, 3 ],
    [ 146, 5 ],
    [ 365, 7 ],
    [ 1530, 11 ],
    [ 2432, 13 ],
    [ 5152, 17 ],
    [ 7164, 19 ],
    [ 12628, 23 ]
]
Level of weight 4 newform is [ 0, 0, 0 ]

not modular


---------------------------------------------------------


Transformation matrix is:
[0 0 1 0]
[0 0 0 1]
[1 0 0 0]
[0 1 0 0]

Diagonal matrix is:
[ 1  0  0  0]
[ 0  1  0  0]
[ 0  0 -1  0]
[ 0  0  0 -1]

Point counts are [
    [ 34, 3 ],
    [ 134, 5 ],
    [ 323, 7 ],
    [ 1566, 11 ],
    [ 2604, 13 ],
    [ 5222, 17 ],
    [ 6888, 19 ],
    [ 12934, 23 ]
]

Good point counts are [
    [ 34, 3 ],
    [ 134, 5 ],
    [ 323, 7 ],
    [ 1566, 11 ],
    [ 2604, 13 ],
    [ 5222, 17 ],
    [ 6888, 19 ],
    [ 12934, 23 ]
]
Level of weight 4 newform is [ 0, 0, 0 ]

not modular


---------------------------------------------------------


Transformation matrix is:
[0 0 0 1]
[0 1 0 0]
[0 0 1 0]
[1 0 0 0]

Diagonal matrix is:
[ 1  0  0  0]
[ 0  1  0  0]
[ 0  0  1  0]
[ 0  0  0 -1]

Point counts are [
    [ 40, 3 ],
    [ 146, 5 ],
    [ 365, 7 ],
    [ 1530, 11 ],
    [ 2432, 13 ],
    [ 5152, 17 ],
    [ 7164, 19 ],
    [ 12628, 23 ]
]

Good point counts are [
    [ 40, 3 ],
    [ 146, 5 ],
    [ 365, 7 ],
    [ 1530, 11 ],
    [ 2432, 13 ],
    [ 5152, 17 ],
    [ 7164, 19 ],
    [ 12628, 23 ]
]
Level of weight 4 newform is [ 0, 0, 0 ]

not modular


---------------------------------------------------------


Transformation matrix is:
[0 0 0 1]
[0 0 1 0]
[0 1 0 0]
[1 0 0 0]

Diagonal matrix is:
[ 1  0  0  0]
[ 0  1  0  0]
[ 0  0 -1  0]
[ 0  0  0 -1]

Point counts are [
    [ 34, 3 ],
    [ 134, 5 ],
    [ 323, 7 ],
    [ 1566, 11 ],
    [ 2604, 13 ],
    [ 5222, 17 ],
    [ 6888, 19 ],
    [ 12934, 23 ]
]

Good point counts are [
    [ 34, 3 ],
    [ 134, 5 ],
    [ 323, 7 ],
    [ 1566, 11 ],
    [ 2604, 13 ],
    [ 5222, 17 ],
    [ 6888, 19 ],
    [ 12934, 23 ]
]
Level of weight 4 newform is [ 0, 0, 0 ]

not modular


---------------------------------------------------------


>
