Transformation matrix is:
[1 0 0 0 0 0]
[0 1 0 0 0 0]
[0 0 1 0 0 0]
[0 0 0 1 0 0]
[0 0 0 0 1 0]
[0 0 0 0 0 1]

Diagonal matrix is:
[1 0 0 0 0 0]
[0 1 0 0 0 0]
[0 0 1 0 0 0]
[0 0 0 1 0 0]
[0 0 0 0 1 0]
[0 0 0 0 0 1]

Point counts are [
    [ 40, 3 ],
    [ 166, 5 ],
    [ 936, 7 ],
    [ 1438, 11 ],
    [ 3933, 13 ],
    [ 5275, 17 ]
]

Good point counts are [
    [ 40, 3 ],
    [ 166, 5 ],
    [ 936, 7 ],
    [ 1438, 11 ],
    [ 3933, 13 ],
    [ 5275, 17 ]
]

Level of weight 4 newform is [ 27, 2, 1 ]

First coefficient can be obtained from:  [ <4, 3>, <5, 5>, <81, 7>, <11, 11>,
<135, 13>, <17, 17> ]
Second coefficient is  <[ 0, 0, 0, 0, 0, 0 ], [ <0, 5>, <74, 7>, <0, 11>, <122,
13>, <0, 17> ]>


---------------------------------------------------------


Transformation matrix is:
[1 0 0 0 0 0]
[0 1 0 0 0 0]
[0 0 1 0 0 0]
[0 0 0 1 0 0]
[0 0 0 0 0 1]
[0 0 0 0 1 0]

Diagonal matrix is:
[ 1  0  0  0  0  0]
[ 0  1  0  0  0  0]
[ 0  0  1  0  0  0]
[ 0  0  0  1  0  0]
[ 0  0  0  0  1  0]
[ 0  0  0  0  0 -1]



---------------------------------------------------------


Transformation matrix is:
[1 0 0 0 0 0]
[0 1 0 0 0 0]
[0 0 1 0 0 0]
[0 0 0 0 1 0]
[0 0 0 1 0 0]
[0 0 0 0 0 1]

Diagonal matrix is:
[ 1  0  0  0  0  0]
[ 0  1  0  0  0  0]
[ 0  0  1  0  0  0]
[ 0  0  0  1  0  0]
[ 0  0  0  0  1  0]
[ 0  0  0  0  0 -1]



---------------------------------------------------------


Transformation matrix is:
[1 0 0 0 0 0]
[0 1 0 0 0 0]
[0 0 1 0 0 0]
[0 0 0 0 0 1]
[0 0 0 0 1 0]
[0 0 0 1 0 0]

Diagonal matrix is:
[ 1  0  0  0  0  0]
[ 0  1  0  0  0  0]
[ 0  0  1  0  0  0]
[ 0  0  0  1  0  0]
[ 0  0  0  0  1  0]
[ 0  0  0  0  0 -1]



---------------------------------------------------------


Transformation matrix is:
[1 0 0 0 0 0]
[0 0 1 0 0 0]
[0 1 0 0 0 0]
[0 0 0 1 0 0]
[0 0 0 0 1 0]
[0 0 0 0 0 1]

Diagonal matrix is:
[ 1  0  0  0  0  0]
[ 0  1  0  0  0  0]
[ 0  0  1  0  0  0]
[ 0  0  0  1  0  0]
[ 0  0  0  0  1  0]
[ 0  0  0  0  0 -1]



---------------------------------------------------------


Transformation matrix is:
[1 0 0 0 0 0]
[0 0 1 0 0 0]
[0 1 0 0 0 0]
[0 0 0 1 0 0]
[0 0 0 0 0 1]
[0 0 0 0 1 0]

Diagonal matrix is:
[ 1  0  0  0  0  0]
[ 0  1  0  0  0  0]
[ 0  0  1  0  0  0]
[ 0  0  0  1  0  0]
[ 0  0  0  0 -1  0]
[ 0  0  0  0  0 -1]

Point counts are [
    [ 40, 3 ],
    [ 206, 5 ],
    [ 670, 7 ],
    [ 1658, 11 ],
    [ 3127, 13 ],
    [ 5819, 17 ]
]

Good point counts are [
    [ 40, 3 ],
    [ 206, 5 ],
    [ 670, 7 ],
    [ 1658, 11 ],
    [ 3127, 13 ],
    [ 5819, 17 ]
]

Level of weight 4 newform is [ 27, 2, 1 ]

First coefficient can be obtained from:  [ <4, 3>, <13, 5>, <43, 7>, <31, 11>,
<73, 13>, <49, 17> ]
Second coefficient is  <[ 0, 0, 0, 0, 0, 0 ], [ <8, 5>, <36, 7>, <20, 11>, <60,
13>, <32, 17> ]>


---------------------------------------------------------


Transformation matrix is:
[1 0 0 0 0 0]
[0 0 1 0 0 0]
[0 1 0 0 0 0]
[0 0 0 0 1 0]
[0 0 0 1 0 0]
[0 0 0 0 0 1]

Diagonal matrix is:
[ 1  0  0  0  0  0]
[ 0  1  0  0  0  0]
[ 0  0  1  0  0  0]
[ 0  0  0  1  0  0]
[ 0  0  0  0 -1  0]
[ 0  0  0  0  0 -1]

Point counts are [
    [ 40, 3 ],
    [ 206, 5 ],
    [ 670, 7 ],
    [ 1658, 11 ],
    [ 3127, 13 ],
    [ 5819, 17 ]
]

Good point counts are [
    [ 40, 3 ],
    [ 206, 5 ],
    [ 670, 7 ],
    [ 1658, 11 ],
    [ 3127, 13 ],
    [ 5819, 17 ]
]

Level of weight 4 newform is [ 27, 2, 1 ]

First coefficient can be obtained from:  [ <4, 3>, <13, 5>, <43, 7>, <31, 11>,
<73, 13>, <49, 17> ]
Second coefficient is  <[ 0, 0, 0, 0, 0, 0 ], [ <8, 5>, <36, 7>, <20, 11>, <60,
13>, <32, 17> ]>


---------------------------------------------------------


Transformation matrix is:
[1 0 0 0 0 0]
[0 0 1 0 0 0]
[0 1 0 0 0 0]
[0 0 0 0 0 1]
[0 0 0 0 1 0]
[0 0 0 1 0 0]

Diagonal matrix is:
[ 1  0  0  0  0  0]
[ 0  1  0  0  0  0]
[ 0  0  1  0  0  0]
[ 0  0  0  1  0  0]
[ 0  0  0  0 -1  0]
[ 0  0  0  0  0 -1]

Point counts are [
    [ 40, 3 ],
    [ 206, 5 ],
    [ 670, 7 ],
    [ 1658, 11 ],
    [ 3127, 13 ],
    [ 5819, 17 ]
]

Good point counts are [
    [ 40, 3 ],
    [ 206, 5 ],
    [ 670, 7 ],
    [ 1658, 11 ],
    [ 3127, 13 ],
    [ 5819, 17 ]
]

Level of weight 4 newform is [ 27, 2, 1 ]

First coefficient can be obtained from:  [ <4, 3>, <13, 5>, <43, 7>, <31, 11>,
<73, 13>, <49, 17> ]
Second coefficient is  <[ 0, 0, 0, 0, 0, 0 ], [ <8, 5>, <36, 7>, <20, 11>, <60,
13>, <32, 17> ]>


---------------------------------------------------------


Transformation matrix is:
[0 1 0 0 0 0]
[1 0 0 0 0 0]
[0 0 1 0 0 0]
[0 0 0 1 0 0]
[0 0 0 0 1 0]
[0 0 0 0 0 1]

Diagonal matrix is:
[ 1  0  0  0  0  0]
[ 0  1  0  0  0  0]
[ 0  0  1  0  0  0]
[ 0  0  0  1  0  0]
[ 0  0  0  0  1  0]
[ 0  0  0  0  0 -1]



---------------------------------------------------------


Transformation matrix is:
[0 1 0 0 0 0]
[1 0 0 0 0 0]
[0 0 1 0 0 0]
[0 0 0 1 0 0]
[0 0 0 0 0 1]
[0 0 0 0 1 0]

Diagonal matrix is:
[ 1  0  0  0  0  0]
[ 0  1  0  0  0  0]
[ 0  0  1  0  0  0]
[ 0  0  0  1  0  0]
[ 0  0  0  0 -1  0]
[ 0  0  0  0  0 -1]

Point counts are [
    [ 40, 3 ],
    [ 206, 5 ],
    [ 670, 7 ],
    [ 1658, 11 ],
    [ 3127, 13 ],
    [ 5819, 17 ]
]

Good point counts are [
    [ 40, 3 ],
    [ 206, 5 ],
    [ 670, 7 ],
    [ 1658, 11 ],
    [ 3127, 13 ],
    [ 5819, 17 ]
]

Level of weight 4 newform is [ 27, 2, 1 ]

First coefficient can be obtained from:  [ <4, 3>, <13, 5>, <43, 7>, <31, 11>,
<73, 13>, <49, 17> ]
Second coefficient is  <[ 0, 0, 0, 0, 0, 0 ], [ <8, 5>, <36, 7>, <20, 11>, <60,
13>, <32, 17> ]>


---------------------------------------------------------


Transformation matrix is:
[0 1 0 0 0 0]
[1 0 0 0 0 0]
[0 0 1 0 0 0]
[0 0 0 0 1 0]
[0 0 0 1 0 0]
[0 0 0 0 0 1]

Diagonal matrix is:
[ 1  0  0  0  0  0]
[ 0  1  0  0  0  0]
[ 0  0  1  0  0  0]
[ 0  0  0  1  0  0]
[ 0  0  0  0 -1  0]
[ 0  0  0  0  0 -1]

Point counts are [
    [ 40, 3 ],
    [ 206, 5 ],
    [ 670, 7 ],
    [ 1658, 11 ],
    [ 3127, 13 ],
    [ 5819, 17 ]
]

Good point counts are [
    [ 40, 3 ],
    [ 206, 5 ],
    [ 670, 7 ],
    [ 1658, 11 ],
    [ 3127, 13 ],
    [ 5819, 17 ]
]

Level of weight 4 newform is [ 27, 2, 1 ]

First coefficient can be obtained from:  [ <4, 3>, <13, 5>, <43, 7>, <31, 11>,
<73, 13>, <49, 17> ]
Second coefficient is  <[ 0, 0, 0, 0, 0, 0 ], [ <8, 5>, <36, 7>, <20, 11>, <60,
13>, <32, 17> ]>


---------------------------------------------------------


Transformation matrix is:
[0 1 0 0 0 0]
[1 0 0 0 0 0]
[0 0 1 0 0 0]
[0 0 0 0 0 1]
[0 0 0 0 1 0]
[0 0 0 1 0 0]

Diagonal matrix is:
[ 1  0  0  0  0  0]
[ 0  1  0  0  0  0]
[ 0  0  1  0  0  0]
[ 0  0  0  1  0  0]
[ 0  0  0  0 -1  0]
[ 0  0  0  0  0 -1]

Point counts are [
    [ 40, 3 ],
    [ 206, 5 ],
    [ 670, 7 ],
    [ 1658, 11 ],
    [ 3127, 13 ],
    [ 5819, 17 ]
]

Good point counts are [
    [ 40, 3 ],
    [ 206, 5 ],
    [ 670, 7 ],
    [ 1658, 11 ],
    [ 3127, 13 ],
    [ 5819, 17 ]
]

Level of weight 4 newform is [ 27, 2, 1 ]

First coefficient can be obtained from:  [ <4, 3>, <13, 5>, <43, 7>, <31, 11>,
<73, 13>, <49, 17> ]
Second coefficient is  <[ 0, 0, 0, 0, 0, 0 ], [ <8, 5>, <36, 7>, <20, 11>, <60,
13>, <32, 17> ]>


---------------------------------------------------------


Transformation matrix is:
[0 0 1 0 0 0]
[0 1 0 0 0 0]
[1 0 0 0 0 0]
[0 0 0 1 0 0]
[0 0 0 0 1 0]
[0 0 0 0 0 1]

Diagonal matrix is:
[ 1  0  0  0  0  0]
[ 0  1  0  0  0  0]
[ 0  0  1  0  0  0]
[ 0  0  0  1  0  0]
[ 0  0  0  0  1  0]
[ 0  0  0  0  0 -1]



---------------------------------------------------------


Transformation matrix is:
[0 0 1 0 0 0]
[0 1 0 0 0 0]
[1 0 0 0 0 0]
[0 0 0 1 0 0]
[0 0 0 0 0 1]
[0 0 0 0 1 0]

Diagonal matrix is:
[ 1  0  0  0  0  0]
[ 0  1  0  0  0  0]
[ 0  0  1  0  0  0]
[ 0  0  0  1  0  0]
[ 0  0  0  0 -1  0]
[ 0  0  0  0  0 -1]

Point counts are [
    [ 40, 3 ],
    [ 206, 5 ],
    [ 670, 7 ],
    [ 1658, 11 ],
    [ 3127, 13 ],
    [ 5819, 17 ]
]

Good point counts are [
    [ 40, 3 ],
    [ 206, 5 ],
    [ 670, 7 ],
    [ 1658, 11 ],
    [ 3127, 13 ],
    [ 5819, 17 ]
]

Level of weight 4 newform is [ 27, 2, 1 ]

First coefficient can be obtained from:  [ <4, 3>, <13, 5>, <43, 7>, <31, 11>,
<73, 13>, <49, 17> ]
Second coefficient is  <[ 0, 0, 0, 0, 0, 0 ], [ <8, 5>, <36, 7>, <20, 11>, <60,
13>, <32, 17> ]>


---------------------------------------------------------


Transformation matrix is:
[0 0 1 0 0 0]
[0 1 0 0 0 0]
[1 0 0 0 0 0]
[0 0 0 0 1 0]
[0 0 0 1 0 0]
[0 0 0 0 0 1]

Diagonal matrix is:
[ 1  0  0  0  0  0]
[ 0  1  0  0  0  0]
[ 0  0  1  0  0  0]
[ 0  0  0  1  0  0]
[ 0  0  0  0 -1  0]
[ 0  0  0  0  0 -1]

Point counts are [
    [ 40, 3 ],
    [ 206, 5 ],
    [ 670, 7 ],
    [ 1658, 11 ],
    [ 3127, 13 ],
    [ 5819, 17 ]
]

Good point counts are [
    [ 40, 3 ],
    [ 206, 5 ],
    [ 670, 7 ],
    [ 1658, 11 ],
    [ 3127, 13 ],
    [ 5819, 17 ]
]

Level of weight 4 newform is [ 27, 2, 1 ]

First coefficient can be obtained from:  [ <4, 3>, <13, 5>, <43, 7>, <31, 11>,
<73, 13>, <49, 17> ]
Second coefficient is  <[ 0, 0, 0, 0, 0, 0 ], [ <8, 5>, <36, 7>, <20, 11>, <60,
13>, <32, 17> ]>


---------------------------------------------------------


Transformation matrix is:
[0 0 1 0 0 0]
[0 1 0 0 0 0]
[1 0 0 0 0 0]
[0 0 0 0 0 1]
[0 0 0 0 1 0]
[0 0 0 1 0 0]

Diagonal matrix is:
[ 1  0  0  0  0  0]
[ 0  1  0  0  0  0]
[ 0  0  1  0  0  0]
[ 0  0  0  1  0  0]
[ 0  0  0  0 -1  0]
[ 0  0  0  0  0 -1]

Point counts are [
    [ 40, 3 ],
    [ 206, 5 ],
    [ 670, 7 ],
    [ 1658, 11 ],
    [ 3127, 13 ],
    [ 5819, 17 ]
]

Good point counts are [
    [ 40, 3 ],
    [ 206, 5 ],
    [ 670, 7 ],
    [ 1658, 11 ],
    [ 3127, 13 ],
    [ 5819, 17 ]
]

Level of weight 4 newform is [ 27, 2, 1 ]

First coefficient can be obtained from:  [ <4, 3>, <13, 5>, <43, 7>, <31, 11>,
<73, 13>, <49, 17> ]
Second coefficient is  <[ 0, 0, 0, 0, 0, 0 ], [ <8, 5>, <36, 7>, <20, 11>, <60,
13>, <32, 17> ]>


---------------------------------------------------------
