Transformation matrix is:
[1 0 0 0 0 0]
[0 1 0 0 0 0]
[0 0 1 0 0 0]
[0 0 0 1 0 0]
[0 0 0 0 1 0]
[0 0 0 0 0 1]

Diagonal matrix is:
[1 0 0 0 0 0]
[0 1 0 0 0 0]
[0 0 1 0 0 0]
[0 0 0 1 0 0]
[0 0 0 0 1 0]
[0 0 0 0 0 1]

Point counts are [
    [ 106, 3 ],
    [ 356, 5 ],
    [ 718, 7 ],
    [ 2338, 11 ],
    [ 3688, 13 ],
    [ 7388, 17 ]
]

Good point counts are [
    [ 106, 3 ],
    [ 356, 5 ],
    [ 718, 7 ],
    [ 2338, 11 ],
    [ 3688, 13 ],
    [ 7388, 17 ]
]

Level of weight 4 newform is [ 30, 2, 1 ]

First coefficient can be obtained from:  [ <27, 3>, <47, 5>, <58, 7>, <86, 11>,
<112, 13>, <148, 17> ]
Second coefficient is  <[ 0, 0, 0, 0, 0, 0 ], [ <42, 5>, <51, 7>, <75, 11>, <99,
13>, <131, 17> ]>


---------------------------------------------------------


Transformation matrix is:
[1 0 0 0 0 0]
[0 1 0 0 0 0]
[0 0 1 0 0 0]
[0 0 0 0 0 1]
[0 0 0 0 1 0]
[0 0 0 1 0 0]

Diagonal matrix is:
[ 1  0  0  0  0  0]
[ 0  1  0  0  0  0]
[ 0  0  1  0  0  0]
[ 0  0  0  1  0  0]
[ 0  0  0  0  1  0]
[ 0  0  0  0  0 -1]



---------------------------------------------------------


Transformation matrix is:
[1 0 0 0 0 0]
[0 1 0 0 0 0]
[0 0 0 1 0 0]
[0 0 1 0 0 0]
[0 0 0 0 1 0]
[0 0 0 0 0 1]

Diagonal matrix is:
[ 1  0  0  0  0  0]
[ 0  1  0  0  0  0]
[ 0  0  1  0  0  0]
[ 0  0  0  1  0  0]
[ 0  0  0  0  1  0]
[ 0  0  0  0  0 -1]



---------------------------------------------------------


Transformation matrix is:
[1 0 0 0 0 0]
[0 1 0 0 0 0]
[0 0 0 0 0 1]
[0 0 0 1 0 0]
[0 0 0 0 1 0]
[0 0 1 0 0 0]

Diagonal matrix is:
[ 1  0  0  0  0  0]
[ 0  1  0  0  0  0]
[ 0  0  1  0  0  0]
[ 0  0  0  1  0  0]
[ 0  0  0  0  1  0]
[ 0  0  0  0  0 -1]



---------------------------------------------------------


Transformation matrix is:
[1 0 0 0 0 0]
[0 0 1 0 0 0]
[0 1 0 0 0 0]
[0 0 0 1 0 0]
[0 0 0 0 1 0]
[0 0 0 0 0 1]

Diagonal matrix is:
[ 1  0  0  0  0  0]
[ 0  1  0  0  0  0]
[ 0  0  1  0  0  0]
[ 0  0  0  1  0  0]
[ 0  0  0  0  1  0]
[ 0  0  0  0  0 -1]



---------------------------------------------------------


Transformation matrix is:
[1 0 0 0 0 0]
[0 0 1 0 0 0]
[0 1 0 0 0 0]
[0 0 0 0 0 1]
[0 0 0 0 1 0]
[0 0 0 1 0 0]

Diagonal matrix is:
[ 1  0  0  0  0  0]
[ 0  1  0  0  0  0]
[ 0  0  1  0  0  0]
[ 0  0  0  1  0  0]
[ 0  0  0  0 -1  0]
[ 0  0  0  0  0 -1]

Point counts are [
    [ 82, 3 ],
    [ 326, 5 ],
    [ 578, 7 ],
    [ 1986, 11 ],
    [ 3116, 13 ],
    [ 6368, 17 ]
]

Good point counts are [
    [ 82, 3 ],
    [ 326, 5 ],
    [ 578, 7 ],
    [ 1986, 11 ],
    [ 3116, 13 ],
    [ 6368, 17 ]
]

Level of weight 4 newform is [ 30, 2, 1 ]

First coefficient can be obtained from:  [ <19, 3>, <41, 5>, <38, 7>, <54, 11>,
<68, 13>, <88, 17> ]
Second coefficient is  <[ 0, 0, 0, 0, 0, 0 ], [ <36, 5>, <31, 7>, <43, 11>, <55,
13>, <71, 17> ]>


---------------------------------------------------------


Transformation matrix is:
[1 0 0 0 0 0]
[0 0 0 1 0 0]
[0 0 1 0 0 0]
[0 1 0 0 0 0]
[0 0 0 0 1 0]
[0 0 0 0 0 1]

Diagonal matrix is:
[ 1  0  0  0  0  0]
[ 0  1  0  0  0  0]
[ 0  0  1  0  0  0]
[ 0  0  0  1  0  0]
[ 0  0  0  0  1  0]
[ 0  0  0  0  0 -1]



---------------------------------------------------------


Transformation matrix is:
[1 0 0 0 0 0]
[0 0 0 1 0 0]
[0 0 0 0 0 1]
[0 1 0 0 0 0]
[0 0 0 0 1 0]
[0 0 1 0 0 0]

Diagonal matrix is:
[ 1  0  0  0  0  0]
[ 0  1  0  0  0  0]
[ 0  0  1  0  0  0]
[ 0  0  0  1  0  0]
[ 0  0  0  0 -1  0]
[ 0  0  0  0  0 -1]

Point counts are [
    [ 82, 3 ],
    [ 326, 5 ],
    [ 578, 7 ],
    [ 1986, 11 ],
    [ 3116, 13 ],
    [ 6368, 17 ]
]

Good point counts are [
    [ 82, 3 ],
    [ 326, 5 ],
    [ 578, 7 ],
    [ 1986, 11 ],
    [ 3116, 13 ],
    [ 6368, 17 ]
]

Level of weight 4 newform is [ 30, 2, 1 ]

First coefficient can be obtained from:  [ <19, 3>, <41, 5>, <38, 7>, <54, 11>,
<68, 13>, <88, 17> ]
Second coefficient is  <[ 0, 0, 0, 0, 0, 0 ], [ <36, 5>, <31, 7>, <43, 11>, <55,
13>, <71, 17> ]>


---------------------------------------------------------


Transformation matrix is:
[1 0 0 0 0 0]
[0 0 0 0 0 1]
[0 0 1 0 0 0]
[0 0 0 1 0 0]
[0 0 0 0 1 0]
[0 1 0 0 0 0]

Diagonal matrix is:
[ 1  0  0  0  0  0]
[ 0  1  0  0  0  0]
[ 0  0  1  0  0  0]
[ 0  0  0  1  0  0]
[ 0  0  0  0  1  0]
[ 0  0  0  0  0 -1]



---------------------------------------------------------


Transformation matrix is:
[1 0 0 0 0 0]
[0 0 0 0 0 1]
[0 0 0 1 0 0]
[0 0 1 0 0 0]
[0 0 0 0 1 0]
[0 1 0 0 0 0]

Diagonal matrix is:
[ 1  0  0  0  0  0]
[ 0  1  0  0  0  0]
[ 0  0  1  0  0  0]
[ 0  0  0  1  0  0]
[ 0  0  0  0 -1  0]
[ 0  0  0  0  0 -1]

Point counts are [
    [ 82, 3 ],
    [ 326, 5 ],
    [ 578, 7 ],
    [ 1986, 11 ],
    [ 3116, 13 ],
    [ 6368, 17 ]
]

Good point counts are [
    [ 82, 3 ],
    [ 326, 5 ],
    [ 578, 7 ],
    [ 1986, 11 ],
    [ 3116, 13 ],
    [ 6368, 17 ]
]

Level of weight 4 newform is [ 30, 2, 1 ]

First coefficient can be obtained from:  [ <19, 3>, <41, 5>, <38, 7>, <54, 11>,
<68, 13>, <88, 17> ]
Second coefficient is  <[ 0, 0, 0, 0, 0, 0 ], [ <36, 5>, <31, 7>, <43, 11>, <55,
13>, <71, 17> ]>


---------------------------------------------------------
