Transformation matrix is:
[1 0 0 0 0 0]
[0 1 0 0 0 0]
[0 0 1 0 0 0]
[0 0 0 1 0 0]
[0 0 0 0 1 0]
[0 0 0 0 0 1]

Diagonal matrix is:
[1 0 0 0 0 0]
[0 1 0 0 0 0]
[0 0 1 0 0 0]
[0 0 0 1 0 0]
[0 0 0 0 1 0]
[0 0 0 0 0 1]

Point counts are [
    [ 91, 3 ],
    [ 306, 5 ],
    [ 740, 7 ],
    [ 2348, 11 ],
    [ 3652, 13 ],
    [ 7408, 17 ]
]

Good point counts are [
    [ 91, 3 ],
    [ 306, 5 ],
    [ 740, 7 ],
    [ 2348, 11 ],
    [ 3652, 13 ],
    [ 7408, 17 ]
]

Level of weight 4 newform is [ 30, 1, 1 ]

First coefficient can be obtained from:  [ <22, 3>, <35, 5>, <56, 7>, <88, 11>,
<112, 13>, <140, 17> ]
Second coefficient is  <[ 0, 0, 0, 0, 0, 0 ], [ <30, 5>, <49, 7>, <77, 11>, <99,
13>, <123, 17> ]>


---------------------------------------------------------


Transformation matrix is:
[1 0 0 0 0 0]
[0 1 0 0 0 0]
[0 0 1 0 0 0]
[0 0 0 0 0 1]
[0 0 0 0 1 0]
[0 0 0 1 0 0]

Diagonal matrix is:
[ 1  0  0  0  0  0]
[ 0  1  0  0  0  0]
[ 0  0  1  0  0  0]
[ 0  0  0  1  0  0]
[ 0  0  0  0  1  0]
[ 0  0  0  0  0 -1]



---------------------------------------------------------


Transformation matrix is:
[1 0 0 0 0 0]
[0 1 0 0 0 0]
[0 0 0 1 0 0]
[0 0 1 0 0 0]
[0 0 0 0 1 0]
[0 0 0 0 0 1]

Diagonal matrix is:
[ 1  0  0  0  0  0]
[ 0  1  0  0  0  0]
[ 0  0  1  0  0  0]
[ 0  0  0  1  0  0]
[ 0  0  0  0  1  0]
[ 0  0  0  0  0 -1]



---------------------------------------------------------


Transformation matrix is:
[1 0 0 0 0 0]
[0 1 0 0 0 0]
[0 0 0 0 0 1]
[0 0 0 1 0 0]
[0 0 0 0 1 0]
[0 0 1 0 0 0]

Diagonal matrix is:
[ 1  0  0  0  0  0]
[ 0  1  0  0  0  0]
[ 0  0  1  0  0  0]
[ 0  0  0  1  0  0]
[ 0  0  0  0  1  0]
[ 0  0  0  0  0 -1]



---------------------------------------------------------


Transformation matrix is:
[0 1 0 0 0 0]
[1 0 0 0 0 0]
[0 0 1 0 0 0]
[0 0 0 1 0 0]
[0 0 0 0 1 0]
[0 0 0 0 0 1]

Diagonal matrix is:
[ 1  0  0  0  0  0]
[ 0  1  0  0  0  0]
[ 0  0  1  0  0  0]
[ 0  0  0  1  0  0]
[ 0  0  0  0  1  0]
[ 0  0  0  0  0 -1]



---------------------------------------------------------


Transformation matrix is:
[0 1 0 0 0 0]
[1 0 0 0 0 0]
[0 0 1 0 0 0]
[0 0 0 0 0 1]
[0 0 0 0 1 0]
[0 0 0 1 0 0]

Diagonal matrix is:
[ 1  0  0  0  0  0]
[ 0  1  0  0  0  0]
[ 0  0  1  0  0  0]
[ 0  0  0  1  0  0]
[ 0  0  0  0 -1  0]
[ 0  0  0  0  0 -1]

Point counts are [
    [ 73, 3 ],
    [ 246, 5 ],
    [ 579, 7 ],
    [ 1985, 11 ],
    [ 3119, 13 ],
    [ 6541, 17 ]
]

Good point counts are [
    [ 73, 3 ],
    [ 246, 5 ],
    [ 579, 7 ],
    [ 1985, 11 ],
    [ 3119, 13 ],
    [ 6541, 17 ]
]

Level of weight 4 newform is [ 30, 1, 1 ]

First coefficient can be obtained from:  [ <16, 3>, <23, 5>, <33, 7>, <55, 11>,
<71, 13>, <89, 17> ]
Second coefficient is  <[ 0, 0, 0, 0, 0, 0 ], [ <18, 5>, <26, 7>, <44, 11>, <58,
13>, <72, 17> ]>


---------------------------------------------------------


Transformation matrix is:
[0 1 0 0 0 0]
[1 0 0 0 0 0]
[0 0 0 1 0 0]
[0 0 1 0 0 0]
[0 0 0 0 1 0]
[0 0 0 0 0 1]

Diagonal matrix is:
[ 1  0  0  0  0  0]
[ 0  1  0  0  0  0]
[ 0  0  1  0  0  0]
[ 0  0  0  1  0  0]
[ 0  0  0  0 -1  0]
[ 0  0  0  0  0 -1]

Point counts are [
    [ 73, 3 ],
    [ 246, 5 ],
    [ 579, 7 ],
    [ 1985, 11 ],
    [ 3119, 13 ],
    [ 6541, 17 ]
]

Good point counts are [
    [ 73, 3 ],
    [ 246, 5 ],
    [ 579, 7 ],
    [ 1985, 11 ],
    [ 3119, 13 ],
    [ 6541, 17 ]
]

Level of weight 4 newform is [ 30, 1, 1 ]

First coefficient can be obtained from:  [ <16, 3>, <23, 5>, <33, 7>, <55, 11>,
<71, 13>, <89, 17> ]
Second coefficient is  <[ 0, 0, 0, 0, 0, 0 ], [ <18, 5>, <26, 7>, <44, 11>, <58,
13>, <72, 17> ]>


---------------------------------------------------------


Transformation matrix is:
[0 1 0 0 0 0]
[1 0 0 0 0 0]
[0 0 0 0 0 1]
[0 0 0 1 0 0]
[0 0 0 0 1 0]
[0 0 1 0 0 0]

Diagonal matrix is:
[ 1  0  0  0  0  0]
[ 0  1  0  0  0  0]
[ 0  0  1  0  0  0]
[ 0  0  0  1  0  0]
[ 0  0  0  0 -1  0]
[ 0  0  0  0  0 -1]

Point counts are [
    [ 73, 3 ],
    [ 246, 5 ],
    [ 579, 7 ],
    [ 1985, 11 ],
    [ 3119, 13 ],
    [ 6541, 17 ]
]

Good point counts are [
    [ 73, 3 ],
    [ 246, 5 ],
    [ 579, 7 ],
    [ 1985, 11 ],
    [ 3119, 13 ],
    [ 6541, 17 ]
]

Level of weight 4 newform is [ 30, 1, 1 ]

First coefficient can be obtained from:  [ <16, 3>, <23, 5>, <33, 7>, <55, 11>,
<71, 13>, <89, 17> ]
Second coefficient is  <[ 0, 0, 0, 0, 0, 0 ], [ <18, 5>, <26, 7>, <44, 11>, <58,
13>, <72, 17> ]>


---------------------------------------------------------
