Transformation matrix is:
[1 0 0 0 0 0]
[0 1 0 0 0 0]
[0 0 1 0 0 0]
[0 0 0 1 0 0]
[0 0 0 0 1 0]
[0 0 0 0 0 1]

Diagonal matrix is:
[1 0 0 0 0 0]
[0 1 0 0 0 0]
[0 0 1 0 0 0]
[0 0 0 1 0 0]
[0 0 0 0 1 0]
[0 0 0 0 0 1]

Point counts are [
    [ 91, 3 ],
    [ 319, 5 ],
    [ 763, 7 ],
    [ 2495, 11 ],
    [ 3911, 13 ],
    [ 7939, 17 ]
]

Good point counts are [
    [ 91, 3 ],
    [ 319, 5 ],
    [ 763, 7 ],
    [ 2495, 11 ],
    [ 3911, 13 ],
    [ 7939, 17 ]
]

Level of weight 4 newform is [ 12, 1, 1 ]

First coefficient can be obtained from:  [ <22, 3>, <35, 5>, <61, 7>, <109, 11>,
<131, 13>, <179, 17> ]
Second coefficient is  <[ 0, 0, 0, 0, 0, 0 ], [ <30, 5>, <54, 7>, <98, 11>,
<118, 13>, <162, 17> ]>


---------------------------------------------------------


Transformation matrix is:
[1 0 0 0 0 0]
[0 1 0 0 0 0]
[0 0 1 0 0 0]
[0 0 0 0 1 0]
[0 0 0 1 0 0]
[0 0 0 0 0 1]

Diagonal matrix is:
[ 1  0  0  0  0  0]
[ 0  1  0  0  0  0]
[ 0  0  1  0  0  0]
[ 0  0  0  1  0  0]
[ 0  0  0  0  1  0]
[ 0  0  0  0  0 -1]



---------------------------------------------------------


Transformation matrix is:
[1 0 0 0 0 0]
[0 1 0 0 0 0]
[0 0 0 0 0 1]
[0 0 0 1 0 0]
[0 0 0 0 1 0]
[0 0 1 0 0 0]

Diagonal matrix is:
[ 1  0  0  0  0  0]
[ 0  1  0  0  0  0]
[ 0  0  1  0  0  0]
[ 0  0  0  1  0  0]
[ 0  0  0  0  1  0]
[ 0  0  0  0  0 -1]



---------------------------------------------------------


Transformation matrix is:
[1 0 0 0 0 0]
[0 1 0 0 0 0]
[0 0 0 0 0 1]
[0 0 0 0 1 0]
[0 0 0 1 0 0]
[0 0 1 0 0 0]

Diagonal matrix is:
[ 1  0  0  0  0  0]
[ 0  1  0  0  0  0]
[ 0  0  1  0  0  0]
[ 0  0  0  1  0  0]
[ 0  0  0  0 -1  0]
[ 0  0  0  0  0 -1]

Point counts are [
    [ 73, 3 ],
    [ 254, 5 ],
    [ 602, 7 ],
    [ 2022, 11 ],
    [ 3222, 13 ],
    [ 6698, 17 ]
]

Good point counts are [
    [ 73, 3 ],
    [ 254, 5 ],
    [ 602, 7 ],
    [ 2022, 11 ],
    [ 3222, 13 ],
    [ 6698, 17 ]
]

Level of weight 4 newform is [ 12, 1, 1 ]

First coefficient can be obtained from:  [ <16, 3>, <22, 5>, <38, 7>, <66, 11>,
<78, 13>, <106, 17> ]
Second coefficient is  <[ 0, 0, 0, 0, 0, 0 ], [ <17, 5>, <31, 7>, <55, 11>, <65,
13>, <89, 17> ]>


---------------------------------------------------------


Transformation matrix is:
[1 0 0 0 0 0]
[0 0 1 0 0 0]
[0 1 0 0 0 0]
[0 0 0 1 0 0]
[0 0 0 0 1 0]
[0 0 0 0 0 1]

Diagonal matrix is:
[ 1  0  0  0  0  0]
[ 0  1  0  0  0  0]
[ 0  0  1  0  0  0]
[ 0  0  0  1  0  0]
[ 0  0  0  0  1  0]
[ 0  0  0  0  0 -1]



---------------------------------------------------------


Transformation matrix is:
[1 0 0 0 0 0]
[0 0 1 0 0 0]
[0 1 0 0 0 0]
[0 0 0 0 1 0]
[0 0 0 1 0 0]
[0 0 0 0 0 1]

Diagonal matrix is:
[ 1  0  0  0  0  0]
[ 0  1  0  0  0  0]
[ 0  0  1  0  0  0]
[ 0  0  0  1  0  0]
[ 0  0  0  0 -1  0]
[ 0  0  0  0  0 -1]

Point counts are [
    [ 73, 3 ],
    [ 254, 5 ],
    [ 602, 7 ],
    [ 2022, 11 ],
    [ 3222, 13 ],
    [ 6698, 17 ]
]

Good point counts are [
    [ 73, 3 ],
    [ 254, 5 ],
    [ 602, 7 ],
    [ 2022, 11 ],
    [ 3222, 13 ],
    [ 6698, 17 ]
]

Level of weight 4 newform is [ 12, 1, 1 ]

First coefficient can be obtained from:  [ <16, 3>, <22, 5>, <38, 7>, <66, 11>,
<78, 13>, <106, 17> ]
Second coefficient is  <[ 0, 0, 0, 0, 0, 0 ], [ <17, 5>, <31, 7>, <55, 11>, <65,
13>, <89, 17> ]>


---------------------------------------------------------


Transformation matrix is:
[1 0 0 0 0 0]
[0 0 0 0 0 1]
[0 0 1 0 0 0]
[0 0 0 1 0 0]
[0 0 0 0 1 0]
[0 1 0 0 0 0]

Diagonal matrix is:
[ 1  0  0  0  0  0]
[ 0  1  0  0  0  0]
[ 0  0  1  0  0  0]
[ 0  0  0  1  0  0]
[ 0  0  0  0  1  0]
[ 0  0  0  0  0 -1]



---------------------------------------------------------


Transformation matrix is:
[1 0 0 0 0 0]
[0 0 0 0 0 1]
[0 0 1 0 0 0]
[0 0 0 0 1 0]
[0 0 0 1 0 0]
[0 1 0 0 0 0]

Diagonal matrix is:
[ 1  0  0  0  0  0]
[ 0  1  0  0  0  0]
[ 0  0  1  0  0  0]
[ 0  0  0  1  0  0]
[ 0  0  0  0 -1  0]
[ 0  0  0  0  0 -1]

Point counts are [
    [ 73, 3 ],
    [ 254, 5 ],
    [ 602, 7 ],
    [ 2022, 11 ],
    [ 3222, 13 ],
    [ 6698, 17 ]
]

Good point counts are [
    [ 73, 3 ],
    [ 254, 5 ],
    [ 602, 7 ],
    [ 2022, 11 ],
    [ 3222, 13 ],
    [ 6698, 17 ]
]

Level of weight 4 newform is [ 12, 1, 1 ]

First coefficient can be obtained from:  [ <16, 3>, <22, 5>, <38, 7>, <66, 11>,
<78, 13>, <106, 17> ]
Second coefficient is  <[ 0, 0, 0, 0, 0, 0 ], [ <17, 5>, <31, 7>, <55, 11>, <65,
13>, <89, 17> ]>


---------------------------------------------------------


Transformation matrix is:
[0 1 0 0 0 0]
[1 0 0 0 0 0]
[0 0 1 0 0 0]
[0 0 0 1 0 0]
[0 0 0 0 1 0]
[0 0 0 0 0 1]

Diagonal matrix is:
[ 1  0  0  0  0  0]
[ 0  1  0  0  0  0]
[ 0  0  1  0  0  0]
[ 0  0  0  1  0  0]
[ 0  0  0  0  1  0]
[ 0  0  0  0  0 -1]



---------------------------------------------------------


Transformation matrix is:
[0 1 0 0 0 0]
[1 0 0 0 0 0]
[0 0 1 0 0 0]
[0 0 0 0 1 0]
[0 0 0 1 0 0]
[0 0 0 0 0 1]

Diagonal matrix is:
[ 1  0  0  0  0  0]
[ 0  1  0  0  0  0]
[ 0  0  1  0  0  0]
[ 0  0  0  1  0  0]
[ 0  0  0  0 -1  0]
[ 0  0  0  0  0 -1]

Point counts are [
    [ 73, 3 ],
    [ 254, 5 ],
    [ 602, 7 ],
    [ 2022, 11 ],
    [ 3222, 13 ],
    [ 6698, 17 ]
]

Good point counts are [
    [ 73, 3 ],
    [ 254, 5 ],
    [ 602, 7 ],
    [ 2022, 11 ],
    [ 3222, 13 ],
    [ 6698, 17 ]
]

Level of weight 4 newform is [ 12, 1, 1 ]

First coefficient can be obtained from:  [ <16, 3>, <22, 5>, <38, 7>, <66, 11>,
<78, 13>, <106, 17> ]
Second coefficient is  <[ 0, 0, 0, 0, 0, 0 ], [ <17, 5>, <31, 7>, <55, 11>, <65,
13>, <89, 17> ]>


---------------------------------------------------------


Transformation matrix is:
[0 1 0 0 0 0]
[1 0 0 0 0 0]
[0 0 0 0 0 1]
[0 0 0 1 0 0]
[0 0 0 0 1 0]
[0 0 1 0 0 0]

Diagonal matrix is:
[ 1  0  0  0  0  0]
[ 0  1  0  0  0  0]
[ 0  0  1  0  0  0]
[ 0  0  0  1  0  0]
[ 0  0  0  0 -1  0]
[ 0  0  0  0  0 -1]

Point counts are [
    [ 73, 3 ],
    [ 279, 5 ],
    [ 651, 7 ],
    [ 2143, 11 ],
    [ 3391, 13 ],
    [ 6987, 17 ]
]

Good point counts are [
    [ 73, 3 ],
    [ 279, 5 ],
    [ 651, 7 ],
    [ 2143, 11 ],
    [ 3391, 13 ],
    [ 6987, 17 ]
]

Level of weight 4 newform is [ 12, 1, 1 ]

First coefficient can be obtained from:  [ <16, 3>, <27, 5>, <45, 7>, <77, 11>,
<91, 13>, <123, 17> ]
Second coefficient is  <[ 0, 0, 0, 0, 0, 0 ], [ <22, 5>, <38, 7>, <66, 11>, <78,
13>, <106, 17> ]>


---------------------------------------------------------


Transformation matrix is:
[0 1 0 0 0 0]
[1 0 0 0 0 0]
[0 0 0 0 0 1]
[0 0 0 0 1 0]
[0 0 0 1 0 0]
[0 0 1 0 0 0]

Diagonal matrix is:
[ 1  0  0  0  0  0]
[ 0  1  0  0  0  0]
[ 0  0  1  0  0  0]
[ 0  0  0 -1  0  0]
[ 0  0  0  0 -1  0]
[ 0  0  0  0  0 -1]



---------------------------------------------------------


Transformation matrix is:
[0 0 1 0 0 0]
[0 1 0 0 0 0]
[1 0 0 0 0 0]
[0 0 0 1 0 0]
[0 0 0 0 1 0]
[0 0 0 0 0 1]

Diagonal matrix is:
[ 1  0  0  0  0  0]
[ 0  1  0  0  0  0]
[ 0  0  1  0  0  0]
[ 0  0  0  1  0  0]
[ 0  0  0  0  1  0]
[ 0  0  0  0  0 -1]



---------------------------------------------------------


Transformation matrix is:
[0 0 1 0 0 0]
[0 1 0 0 0 0]
[1 0 0 0 0 0]
[0 0 0 0 1 0]
[0 0 0 1 0 0]
[0 0 0 0 0 1]

Diagonal matrix is:
[ 1  0  0  0  0  0]
[ 0  1  0  0  0  0]
[ 0  0  1  0  0  0]
[ 0  0  0  1  0  0]
[ 0  0  0  0 -1  0]
[ 0  0  0  0  0 -1]

Point counts are [
    [ 73, 3 ],
    [ 254, 5 ],
    [ 602, 7 ],
    [ 2022, 11 ],
    [ 3222, 13 ],
    [ 6698, 17 ]
]

Good point counts are [
    [ 73, 3 ],
    [ 254, 5 ],
    [ 602, 7 ],
    [ 2022, 11 ],
    [ 3222, 13 ],
    [ 6698, 17 ]
]

Level of weight 4 newform is [ 12, 1, 1 ]

First coefficient can be obtained from:  [ <16, 3>, <22, 5>, <38, 7>, <66, 11>,
<78, 13>, <106, 17> ]
Second coefficient is  <[ 0, 0, 0, 0, 0, 0 ], [ <17, 5>, <31, 7>, <55, 11>, <65,
13>, <89, 17> ]>


---------------------------------------------------------


Transformation matrix is:
[0 0 1 0 0 0]
[0 0 0 0 0 1]
[1 0 0 0 0 0]
[0 0 0 1 0 0]
[0 0 0 0 1 0]
[0 1 0 0 0 0]

Diagonal matrix is:
[ 1  0  0  0  0  0]
[ 0  1  0  0  0  0]
[ 0  0  1  0  0  0]
[ 0  0  0  1  0  0]
[ 0  0  0  0 -1  0]
[ 0  0  0  0  0 -1]

Point counts are [
    [ 73, 3 ],
    [ 279, 5 ],
    [ 651, 7 ],
    [ 2143, 11 ],
    [ 3391, 13 ],
    [ 6987, 17 ]
]

Good point counts are [
    [ 73, 3 ],
    [ 279, 5 ],
    [ 651, 7 ],
    [ 2143, 11 ],
    [ 3391, 13 ],
    [ 6987, 17 ]
]

Level of weight 4 newform is [ 12, 1, 1 ]

First coefficient can be obtained from:  [ <16, 3>, <27, 5>, <45, 7>, <77, 11>,
<91, 13>, <123, 17> ]
Second coefficient is  <[ 0, 0, 0, 0, 0, 0 ], [ <22, 5>, <38, 7>, <66, 11>, <78,
13>, <106, 17> ]>


---------------------------------------------------------


Transformation matrix is:
[0 0 1 0 0 0]
[0 0 0 0 0 1]
[1 0 0 0 0 0]
[0 0 0 0 1 0]
[0 0 0 1 0 0]
[0 1 0 0 0 0]

Diagonal matrix is:
[ 1  0  0  0  0  0]
[ 0  1  0  0  0  0]
[ 0  0  1  0  0  0]
[ 0  0  0 -1  0  0]
[ 0  0  0  0 -1  0]
[ 0  0  0  0  0 -1]



---------------------------------------------------------


Transformation matrix is:
[0 0 0 0 0 1]
[0 1 0 0 0 0]
[0 0 1 0 0 0]
[0 0 0 1 0 0]
[0 0 0 0 1 0]
[1 0 0 0 0 0]

Diagonal matrix is:
[ 1  0  0  0  0  0]
[ 0  1  0  0  0  0]
[ 0  0  1  0  0  0]
[ 0  0  0  1  0  0]
[ 0  0  0  0  1  0]
[ 0  0  0  0  0 -1]



---------------------------------------------------------


Transformation matrix is:
[0 0 0 0 0 1]
[0 1 0 0 0 0]
[0 0 1 0 0 0]
[0 0 0 0 1 0]
[0 0 0 1 0 0]
[1 0 0 0 0 0]

Diagonal matrix is:
[ 1  0  0  0  0  0]
[ 0  1  0  0  0  0]
[ 0  0  1  0  0  0]
[ 0  0  0  1  0  0]
[ 0  0  0  0 -1  0]
[ 0  0  0  0  0 -1]

Point counts are [
    [ 73, 3 ],
    [ 254, 5 ],
    [ 602, 7 ],
    [ 2022, 11 ],
    [ 3222, 13 ],
    [ 6698, 17 ]
]

Good point counts are [
    [ 73, 3 ],
    [ 254, 5 ],
    [ 602, 7 ],
    [ 2022, 11 ],
    [ 3222, 13 ],
    [ 6698, 17 ]
]

Level of weight 4 newform is [ 12, 1, 1 ]

First coefficient can be obtained from:  [ <16, 3>, <22, 5>, <38, 7>, <66, 11>,
<78, 13>, <106, 17> ]
Second coefficient is  <[ 0, 0, 0, 0, 0, 0 ], [ <17, 5>, <31, 7>, <55, 11>, <65,
13>, <89, 17> ]>


---------------------------------------------------------


Transformation matrix is:
[0 0 0 0 0 1]
[0 0 1 0 0 0]
[0 1 0 0 0 0]
[0 0 0 1 0 0]
[0 0 0 0 1 0]
[1 0 0 0 0 0]

Diagonal matrix is:
[ 1  0  0  0  0  0]
[ 0  1  0  0  0  0]
[ 0  0  1  0  0  0]
[ 0  0  0  1  0  0]
[ 0  0  0  0 -1  0]
[ 0  0  0  0  0 -1]

Point counts are [
    [ 73, 3 ],
    [ 279, 5 ],
    [ 651, 7 ],
    [ 2143, 11 ],
    [ 3391, 13 ],
    [ 6987, 17 ]
]

Good point counts are [
    [ 73, 3 ],
    [ 279, 5 ],
    [ 651, 7 ],
    [ 2143, 11 ],
    [ 3391, 13 ],
    [ 6987, 17 ]
]

Level of weight 4 newform is [ 12, 1, 1 ]

First coefficient can be obtained from:  [ <16, 3>, <27, 5>, <45, 7>, <77, 11>,
<91, 13>, <123, 17> ]
Second coefficient is  <[ 0, 0, 0, 0, 0, 0 ], [ <22, 5>, <38, 7>, <66, 11>, <78,
13>, <106, 17> ]>


---------------------------------------------------------


Transformation matrix is:
[0 0 0 0 0 1]
[0 0 1 0 0 0]
[0 1 0 0 0 0]
[0 0 0 0 1 0]
[0 0 0 1 0 0]
[1 0 0 0 0 0]

Diagonal matrix is:
[ 1  0  0  0  0  0]
[ 0  1  0  0  0  0]
[ 0  0  1  0  0  0]
[ 0  0  0 -1  0  0]
[ 0  0  0  0 -1  0]
[ 0  0  0  0  0 -1]



---------------------------------------------------------
