Transformation matrix is:
[1 0 0 0 0 0]
[0 1 0 0 0 0]
[0 0 1 0 0 0]
[0 0 0 1 0 0]
[0 0 0 0 1 0]
[0 0 0 0 0 1]

Diagonal matrix is:
[1 0 0 0 0 0]
[0 1 0 0 0 0]
[0 0 1 0 0 0]
[0 0 0 1 0 0]
[0 0 0 0 1 0]
[0 0 0 0 0 1]

Point counts are [
    [ 82, 3 ],
    [ 306, 5 ],
    [ 742, 7 ],
    [ 2394, 11 ],
    [ 3726, 13 ],
    [ 7534, 17 ]
]

Good point counts are [
    [ 82, 3 ],
    [ 306, 5 ],
    [ 742, 7 ],
    [ 2394, 11 ],
    [ 3726, 13 ],
    [ 7534, 17 ]
]

Level of weight 4 newform is [ 40, 2, 1 ]

First coefficient can be obtained from:  [ <16, 3>, <35, 5>, <52, 7>, <98, 11>,
<122, 13>, <150, 17> ]
Second coefficient is  <[ 0, 0, 0, 0, 0, 0 ], [ <30, 5>, <45, 7>, <87, 11>,
<109, 13>, <133, 17> ]>


---------------------------------------------------------


Transformation matrix is:
[1 0 0 0 0 0]
[0 1 0 0 0 0]
[0 0 0 0 0 1]
[0 0 0 1 0 0]
[0 0 0 0 1 0]
[0 0 1 0 0 0]

Diagonal matrix is:
[ 1  0  0  0  0  0]
[ 0  1  0  0  0  0]
[ 0  0  1  0  0  0]
[ 0  0  0  1  0  0]
[ 0  0  0  0  1  0]
[ 0  0  0  0  0 -1]



---------------------------------------------------------


Transformation matrix is:
[0 1 0 0 0 0]
[1 0 0 0 0 0]
[0 0 1 0 0 0]
[0 0 0 1 0 0]
[0 0 0 0 1 0]
[0 0 0 0 0 1]

Diagonal matrix is:
[ 1  0  0  0  0  0]
[ 0  1  0  0  0  0]
[ 0  0  1  0  0  0]
[ 0  0  0  1  0  0]
[ 0  0  0  0  1  0]
[ 0  0  0  0  0 -1]



---------------------------------------------------------


Transformation matrix is:
[0 1 0 0 0 0]
[1 0 0 0 0 0]
[0 0 0 0 0 1]
[0 0 0 1 0 0]
[0 0 0 0 1 0]
[0 0 1 0 0 0]

Diagonal matrix is:
[ 1  0  0  0  0  0]
[ 0  1  0  0  0  0]
[ 0  0  1  0  0  0]
[ 0  0  0  1  0  0]
[ 0  0  0  0 -1  0]
[ 0  0  0  0  0 -1]

Point counts are [
    [ 64, 3 ],
    [ 246, 5 ],
    [ 588, 7 ],
    [ 1932, 11 ],
    [ 3024, 13 ],
    [ 6616, 17 ]
]

Good point counts are [
    [ 64, 3 ],
    [ 246, 5 ],
    [ 588, 7 ],
    [ 1932, 11 ],
    [ 3024, 13 ],
    [ 6616, 17 ]
]

Level of weight 4 newform is [ 40, 2, 1 ]

First coefficient can be obtained from:  [ <10, 3>, <23, 5>, <30, 7>, <56, 11>,
<68, 13>, <96, 17> ]
Second coefficient is  <[ 0, 0, 0, 0, 0, 0 ], [ <18, 5>, <23, 7>, <45, 11>, <55,
13>, <79, 17> ]>


---------------------------------------------------------
