Transformation matrix is:
[1 0 0 0 0 0]
[0 1 0 0 0 0]
[0 0 1 0 0 0]
[0 0 0 1 0 0]
[0 0 0 0 1 0]
[0 0 0 0 0 1]

Diagonal matrix is:
[1 0 0 0 0 0]
[0 1 0 0 0 0]
[0 0 1 0 0 0]
[0 0 0 1 0 0]
[0 0 0 0 1 0]
[0 0 0 0 0 1]

Point counts are [
    [ 91, 3 ],
    [ 371, 5 ],
    [ 781, 7 ],
    [ 2371, 11 ],
    [ 3571, 13 ],
    [ 7031, 17 ]
]

Good point counts are [
    [ 91, 3 ],
    [ 371, 5 ],
    [ 781, 7 ],
    [ 2371, 11 ],
    [ 3571, 13 ],
    [ 7031, 17 ]
]

Level of weight 4 newform is [ 30, 2, 1 ]

First coefficient can be obtained from:  [ <22, 3>, <50, 5>, <67, 7>, <89, 11>,
<103, 13>, <127, 17> ]
Second coefficient is  <[ 0, 0, 0, 0, 0, 0 ], [ <45, 5>, <60, 7>, <78, 11>, <90,
13>, <110, 17> ]>


---------------------------------------------------------


Transformation matrix is:
[1 0 0 0 0 0]
[0 1 0 0 0 0]
[0 0 1 0 0 0]
[0 0 0 0 0 1]
[0 0 0 0 1 0]
[0 0 0 1 0 0]

Diagonal matrix is:
[ 1  0  0  0  0  0]
[ 0  1  0  0  0  0]
[ 0  0  1  0  0  0]
[ 0  0  0  1  0  0]
[ 0  0  0  0  1  0]
[ 0  0  0  0  0 -1]



---------------------------------------------------------


Transformation matrix is:
[1 0 0 0 0 0]
[0 1 0 0 0 0]
[0 0 0 1 0 0]
[0 0 1 0 0 0]
[0 0 0 0 1 0]
[0 0 0 0 0 1]

Diagonal matrix is:
[ 1  0  0  0  0  0]
[ 0  1  0  0  0  0]
[ 0  0  1  0  0  0]
[ 0  0  0  1  0  0]
[ 0  0  0  0  1  0]
[ 0  0  0  0  0 -1]



---------------------------------------------------------


Transformation matrix is:
[1 0 0 0 0 0]
[0 1 0 0 0 0]
[0 0 0 0 0 1]
[0 0 0 1 0 0]
[0 0 0 0 1 0]
[0 0 1 0 0 0]

Diagonal matrix is:
[ 1  0  0  0  0  0]
[ 0  1  0  0  0  0]
[ 0  0  1  0  0  0]
[ 0  0  0  1  0  0]
[ 0  0  0  0  1  0]
[ 0  0  0  0  0 -1]



---------------------------------------------------------


Transformation matrix is:
[1 0 0 0 0 0]
[0 0 1 0 0 0]
[0 1 0 0 0 0]
[0 0 0 1 0 0]
[0 0 0 0 1 0]
[0 0 0 0 0 1]

Diagonal matrix is:
[ 1  0  0  0  0  0]
[ 0  1  0  0  0  0]
[ 0  0  1  0  0  0]
[ 0  0  0  1  0  0]
[ 0  0  0  0  1  0]
[ 0  0  0  0  0 -1]



---------------------------------------------------------


Transformation matrix is:
[1 0 0 0 0 0]
[0 0 1 0 0 0]
[0 1 0 0 0 0]
[0 0 0 0 0 1]
[0 0 0 0 1 0]
[0 0 0 1 0 0]

Diagonal matrix is:
[ 1  0  0  0  0  0]
[ 0  1  0  0  0  0]
[ 0  0  1  0  0  0]
[ 0  0  0  1  0  0]
[ 0  0  0  0 -1  0]
[ 0  0  0  0  0 -1]

Point counts are [
    [ 73, 3 ],
    [ 331, 5 ],
    [ 599, 7 ],
    [ 1997, 11 ],
    [ 3077, 13 ],
    [ 6249, 17 ]
]

Good point counts are [
    [ 73, 3 ],
    [ 331, 5 ],
    [ 599, 7 ],
    [ 1997, 11 ],
    [ 3077, 13 ],
    [ 6249, 17 ]
]

Level of weight 4 newform is [ 30, 2, 1 ]

First coefficient can be obtained from:  [ <16, 3>, <42, 5>, <41, 7>, <55, 11>,
<65, 13>, <81, 17> ]
Second coefficient is  <[ 0, 0, 0, 0, 0, 0 ], [ <37, 5>, <34, 7>, <44, 11>, <52,
13>, <64, 17> ]>


---------------------------------------------------------


Transformation matrix is:
[1 0 0 0 0 0]
[0 0 0 1 0 0]
[0 0 1 0 0 0]
[0 1 0 0 0 0]
[0 0 0 0 1 0]
[0 0 0 0 0 1]

Diagonal matrix is:
[ 1  0  0  0  0  0]
[ 0  1  0  0  0  0]
[ 0  0  1  0  0  0]
[ 0  0  0  1  0  0]
[ 0  0  0  0  1  0]
[ 0  0  0  0  0 -1]



---------------------------------------------------------


Transformation matrix is:
[1 0 0 0 0 0]
[0 0 0 1 0 0]
[0 0 0 0 0 1]
[0 1 0 0 0 0]
[0 0 0 0 1 0]
[0 0 1 0 0 0]

Diagonal matrix is:
[ 1  0  0  0  0  0]
[ 0  1  0  0  0  0]
[ 0  0  1  0  0  0]
[ 0  0  0  1  0  0]
[ 0  0  0  0 -1  0]
[ 0  0  0  0  0 -1]

Point counts are [
    [ 73, 3 ],
    [ 331, 5 ],
    [ 599, 7 ],
    [ 1997, 11 ],
    [ 3077, 13 ],
    [ 6249, 17 ]
]

Good point counts are [
    [ 73, 3 ],
    [ 331, 5 ],
    [ 599, 7 ],
    [ 1997, 11 ],
    [ 3077, 13 ],
    [ 6249, 17 ]
]

Level of weight 4 newform is [ 30, 2, 1 ]

First coefficient can be obtained from:  [ <16, 3>, <42, 5>, <41, 7>, <55, 11>,
<65, 13>, <81, 17> ]
Second coefficient is  <[ 0, 0, 0, 0, 0, 0 ], [ <37, 5>, <34, 7>, <44, 11>, <52,
13>, <64, 17> ]>


---------------------------------------------------------


Transformation matrix is:
[1 0 0 0 0 0]
[0 0 0 0 0 1]
[0 0 1 0 0 0]
[0 0 0 1 0 0]
[0 0 0 0 1 0]
[0 1 0 0 0 0]

Diagonal matrix is:
[ 1  0  0  0  0  0]
[ 0  1  0  0  0  0]
[ 0  0  1  0  0  0]
[ 0  0  0  1  0  0]
[ 0  0  0  0  1  0]
[ 0  0  0  0  0 -1]



---------------------------------------------------------


Transformation matrix is:
[1 0 0 0 0 0]
[0 0 0 0 0 1]
[0 0 0 1 0 0]
[0 0 1 0 0 0]
[0 0 0 0 1 0]
[0 1 0 0 0 0]

Diagonal matrix is:
[ 1  0  0  0  0  0]
[ 0  1  0  0  0  0]
[ 0  0  1  0  0  0]
[ 0  0  0  1  0  0]
[ 0  0  0  0 -1  0]
[ 0  0  0  0  0 -1]

Point counts are [
    [ 73, 3 ],
    [ 331, 5 ],
    [ 599, 7 ],
    [ 1997, 11 ],
    [ 3077, 13 ],
    [ 6249, 17 ]
]

Good point counts are [
    [ 73, 3 ],
    [ 331, 5 ],
    [ 599, 7 ],
    [ 1997, 11 ],
    [ 3077, 13 ],
    [ 6249, 17 ]
]

Level of weight 4 newform is [ 30, 2, 1 ]

First coefficient can be obtained from:  [ <16, 3>, <42, 5>, <41, 7>, <55, 11>,
<65, 13>, <81, 17> ]
Second coefficient is  <[ 0, 0, 0, 0, 0, 0 ], [ <37, 5>, <34, 7>, <44, 11>, <52,
13>, <64, 17> ]>


---------------------------------------------------------


Transformation matrix is:
[0 1 0 0 0 0]
[1 0 0 0 0 0]
[0 0 1 0 0 0]
[0 0 0 1 0 0]
[0 0 0 0 1 0]
[0 0 0 0 0 1]

Diagonal matrix is:
[ 1  0  0  0  0  0]
[ 0  1  0  0  0  0]
[ 0  0  1  0  0  0]
[ 0  0  0  1  0  0]
[ 0  0  0  0  1  0]
[ 0  0  0  0  0 -1]



---------------------------------------------------------


Transformation matrix is:
[0 1 0 0 0 0]
[1 0 0 0 0 0]
[0 0 1 0 0 0]
[0 0 0 0 0 1]
[0 0 0 0 1 0]
[0 0 0 1 0 0]

Diagonal matrix is:
[ 1  0  0  0  0  0]
[ 0  1  0  0  0  0]
[ 0  0  1  0  0  0]
[ 0  0  0  1  0  0]
[ 0  0  0  0 -1  0]
[ 0  0  0  0  0 -1]

Point counts are [
    [ 73, 3 ],
    [ 331, 5 ],
    [ 599, 7 ],
    [ 1997, 11 ],
    [ 3077, 13 ],
    [ 6249, 17 ]
]

Good point counts are [
    [ 73, 3 ],
    [ 331, 5 ],
    [ 599, 7 ],
    [ 1997, 11 ],
    [ 3077, 13 ],
    [ 6249, 17 ]
]

Level of weight 4 newform is [ 30, 2, 1 ]

First coefficient can be obtained from:  [ <16, 3>, <42, 5>, <41, 7>, <55, 11>,
<65, 13>, <81, 17> ]
Second coefficient is  <[ 0, 0, 0, 0, 0, 0 ], [ <37, 5>, <34, 7>, <44, 11>, <52,
13>, <64, 17> ]>


---------------------------------------------------------


Transformation matrix is:
[0 1 0 0 0 0]
[1 0 0 0 0 0]
[0 0 0 1 0 0]
[0 0 1 0 0 0]
[0 0 0 0 1 0]
[0 0 0 0 0 1]

Diagonal matrix is:
[ 1  0  0  0  0  0]
[ 0  1  0  0  0  0]
[ 0  0  1  0  0  0]
[ 0  0  0  1  0  0]
[ 0  0  0  0 -1  0]
[ 0  0  0  0  0 -1]

Point counts are [
    [ 73, 3 ],
    [ 331, 5 ],
    [ 599, 7 ],
    [ 1997, 11 ],
    [ 3077, 13 ],
    [ 6249, 17 ]
]

Good point counts are [
    [ 73, 3 ],
    [ 331, 5 ],
    [ 599, 7 ],
    [ 1997, 11 ],
    [ 3077, 13 ],
    [ 6249, 17 ]
]

Level of weight 4 newform is [ 30, 2, 1 ]

First coefficient can be obtained from:  [ <16, 3>, <42, 5>, <41, 7>, <55, 11>,
<65, 13>, <81, 17> ]
Second coefficient is  <[ 0, 0, 0, 0, 0, 0 ], [ <37, 5>, <34, 7>, <44, 11>, <52,
13>, <64, 17> ]>


---------------------------------------------------------


Transformation matrix is:
[0 1 0 0 0 0]
[1 0 0 0 0 0]
[0 0 0 0 0 1]
[0 0 0 1 0 0]
[0 0 0 0 1 0]
[0 0 1 0 0 0]

Diagonal matrix is:
[ 1  0  0  0  0  0]
[ 0  1  0  0  0  0]
[ 0  0  1  0  0  0]
[ 0  0  0  1  0  0]
[ 0  0  0  0 -1  0]
[ 0  0  0  0  0 -1]

Point counts are [
    [ 73, 3 ],
    [ 331, 5 ],
    [ 599, 7 ],
    [ 1997, 11 ],
    [ 3077, 13 ],
    [ 6249, 17 ]
]

Good point counts are [
    [ 73, 3 ],
    [ 331, 5 ],
    [ 599, 7 ],
    [ 1997, 11 ],
    [ 3077, 13 ],
    [ 6249, 17 ]
]

Level of weight 4 newform is [ 30, 2, 1 ]

First coefficient can be obtained from:  [ <16, 3>, <42, 5>, <41, 7>, <55, 11>,
<65, 13>, <81, 17> ]
Second coefficient is  <[ 0, 0, 0, 0, 0, 0 ], [ <37, 5>, <34, 7>, <44, 11>, <52,
13>, <64, 17> ]>


---------------------------------------------------------


Transformation matrix is:
[0 0 1 0 0 0]
[0 1 0 0 0 0]
[1 0 0 0 0 0]
[0 0 0 1 0 0]
[0 0 0 0 1 0]
[0 0 0 0 0 1]

Diagonal matrix is:
[ 1  0  0  0  0  0]
[ 0  1  0  0  0  0]
[ 0  0  1  0  0  0]
[ 0  0  0  1  0  0]
[ 0  0  0  0  1  0]
[ 0  0  0  0  0 -1]



---------------------------------------------------------


Transformation matrix is:
[0 0 1 0 0 0]
[0 1 0 0 0 0]
[1 0 0 0 0 0]
[0 0 0 0 0 1]
[0 0 0 0 1 0]
[0 0 0 1 0 0]

Diagonal matrix is:
[ 1  0  0  0  0  0]
[ 0  1  0  0  0  0]
[ 0  0  1  0  0  0]
[ 0  0  0  1  0  0]
[ 0  0  0  0 -1  0]
[ 0  0  0  0  0 -1]

Point counts are [
    [ 73, 3 ],
    [ 331, 5 ],
    [ 599, 7 ],
    [ 1997, 11 ],
    [ 3077, 13 ],
    [ 6249, 17 ]
]

Good point counts are [
    [ 73, 3 ],
    [ 331, 5 ],
    [ 599, 7 ],
    [ 1997, 11 ],
    [ 3077, 13 ],
    [ 6249, 17 ]
]

Level of weight 4 newform is [ 30, 2, 1 ]

First coefficient can be obtained from:  [ <16, 3>, <42, 5>, <41, 7>, <55, 11>,
<65, 13>, <81, 17> ]
Second coefficient is  <[ 0, 0, 0, 0, 0, 0 ], [ <37, 5>, <34, 7>, <44, 11>, <52,
13>, <64, 17> ]>


---------------------------------------------------------


Transformation matrix is:
[0 0 1 0 0 0]
[0 0 0 1 0 0]
[1 0 0 0 0 0]
[0 1 0 0 0 0]
[0 0 0 0 1 0]
[0 0 0 0 0 1]

Diagonal matrix is:
[ 1  0  0  0  0  0]
[ 0  1  0  0  0  0]
[ 0  0  1  0  0  0]
[ 0  0  0  1  0  0]
[ 0  0  0  0 -1  0]
[ 0  0  0  0  0 -1]

Point counts are [
    [ 73, 3 ],
    [ 331, 5 ],
    [ 599, 7 ],
    [ 1997, 11 ],
    [ 3077, 13 ],
    [ 6249, 17 ]
]

Good point counts are [
    [ 73, 3 ],
    [ 331, 5 ],
    [ 599, 7 ],
    [ 1997, 11 ],
    [ 3077, 13 ],
    [ 6249, 17 ]
]

Level of weight 4 newform is [ 30, 2, 1 ]

First coefficient can be obtained from:  [ <16, 3>, <42, 5>, <41, 7>, <55, 11>,
<65, 13>, <81, 17> ]
Second coefficient is  <[ 0, 0, 0, 0, 0, 0 ], [ <37, 5>, <34, 7>, <44, 11>, <52,
13>, <64, 17> ]>


---------------------------------------------------------


Transformation matrix is:
[0 0 1 0 0 0]
[0 0 0 0 0 1]
[1 0 0 0 0 0]
[0 0 0 1 0 0]
[0 0 0 0 1 0]
[0 1 0 0 0 0]

Diagonal matrix is:
[ 1  0  0  0  0  0]
[ 0  1  0  0  0  0]
[ 0  0  1  0  0  0]
[ 0  0  0  1  0  0]
[ 0  0  0  0 -1  0]
[ 0  0  0  0  0 -1]

Point counts are [
    [ 73, 3 ],
    [ 331, 5 ],
    [ 599, 7 ],
    [ 1997, 11 ],
    [ 3077, 13 ],
    [ 6249, 17 ]
]

Good point counts are [
    [ 73, 3 ],
    [ 331, 5 ],
    [ 599, 7 ],
    [ 1997, 11 ],
    [ 3077, 13 ],
    [ 6249, 17 ]
]

Level of weight 4 newform is [ 30, 2, 1 ]

First coefficient can be obtained from:  [ <16, 3>, <42, 5>, <41, 7>, <55, 11>,
<65, 13>, <81, 17> ]
Second coefficient is  <[ 0, 0, 0, 0, 0, 0 ], [ <37, 5>, <34, 7>, <44, 11>, <52,
13>, <64, 17> ]>


---------------------------------------------------------


Transformation matrix is:
[0 0 0 1 0 0]
[0 1 0 0 0 0]
[0 0 1 0 0 0]
[1 0 0 0 0 0]
[0 0 0 0 1 0]
[0 0 0 0 0 1]

Diagonal matrix is:
[ 1  0  0  0  0  0]
[ 0  1  0  0  0  0]
[ 0  0  1  0  0  0]
[ 0  0  0  1  0  0]
[ 0  0  0  0  1  0]
[ 0  0  0  0  0 -1]



---------------------------------------------------------


Transformation matrix is:
[0 0 0 1 0 0]
[0 1 0 0 0 0]
[0 0 0 0 0 1]
[1 0 0 0 0 0]
[0 0 0 0 1 0]
[0 0 1 0 0 0]

Diagonal matrix is:
[ 1  0  0  0  0  0]
[ 0  1  0  0  0  0]
[ 0  0  1  0  0  0]
[ 0  0  0  1  0  0]
[ 0  0  0  0 -1  0]
[ 0  0  0  0  0 -1]

Point counts are [
    [ 73, 3 ],
    [ 331, 5 ],
    [ 599, 7 ],
    [ 1997, 11 ],
    [ 3077, 13 ],
    [ 6249, 17 ]
]

Good point counts are [
    [ 73, 3 ],
    [ 331, 5 ],
    [ 599, 7 ],
    [ 1997, 11 ],
    [ 3077, 13 ],
    [ 6249, 17 ]
]

Level of weight 4 newform is [ 30, 2, 1 ]

First coefficient can be obtained from:  [ <16, 3>, <42, 5>, <41, 7>, <55, 11>,
<65, 13>, <81, 17> ]
Second coefficient is  <[ 0, 0, 0, 0, 0, 0 ], [ <37, 5>, <34, 7>, <44, 11>, <52,
13>, <64, 17> ]>


---------------------------------------------------------


Transformation matrix is:
[0 0 0 1 0 0]
[0 0 1 0 0 0]
[0 1 0 0 0 0]
[1 0 0 0 0 0]
[0 0 0 0 1 0]
[0 0 0 0 0 1]

Diagonal matrix is:
[ 1  0  0  0  0  0]
[ 0  1  0  0  0  0]
[ 0  0  1  0  0  0]
[ 0  0  0  1  0  0]
[ 0  0  0  0 -1  0]
[ 0  0  0  0  0 -1]

Point counts are [
    [ 73, 3 ],
    [ 331, 5 ],
    [ 599, 7 ],
    [ 1997, 11 ],
    [ 3077, 13 ],
    [ 6249, 17 ]
]

Good point counts are [
    [ 73, 3 ],
    [ 331, 5 ],
    [ 599, 7 ],
    [ 1997, 11 ],
    [ 3077, 13 ],
    [ 6249, 17 ]
]

Level of weight 4 newform is [ 30, 2, 1 ]

First coefficient can be obtained from:  [ <16, 3>, <42, 5>, <41, 7>, <55, 11>,
<65, 13>, <81, 17> ]
Second coefficient is  <[ 0, 0, 0, 0, 0, 0 ], [ <37, 5>, <34, 7>, <44, 11>, <52,
13>, <64, 17> ]>


---------------------------------------------------------


Transformation matrix is:
[0 0 0 1 0 0]
[0 0 0 0 0 1]
[0 0 1 0 0 0]
[1 0 0 0 0 0]
[0 0 0 0 1 0]
[0 1 0 0 0 0]

Diagonal matrix is:
[ 1  0  0  0  0  0]
[ 0  1  0  0  0  0]
[ 0  0  1  0  0  0]
[ 0  0  0  1  0  0]
[ 0  0  0  0 -1  0]
[ 0  0  0  0  0 -1]

Point counts are [
    [ 73, 3 ],
    [ 331, 5 ],
    [ 599, 7 ],
    [ 1997, 11 ],
    [ 3077, 13 ],
    [ 6249, 17 ]
]

Good point counts are [
    [ 73, 3 ],
    [ 331, 5 ],
    [ 599, 7 ],
    [ 1997, 11 ],
    [ 3077, 13 ],
    [ 6249, 17 ]
]

Level of weight 4 newform is [ 30, 2, 1 ]

First coefficient can be obtained from:  [ <16, 3>, <42, 5>, <41, 7>, <55, 11>,
<65, 13>, <81, 17> ]
Second coefficient is  <[ 0, 0, 0, 0, 0, 0 ], [ <37, 5>, <34, 7>, <44, 11>, <52,
13>, <64, 17> ]>


---------------------------------------------------------


Transformation matrix is:
[0 0 0 0 0 1]
[0 1 0 0 0 0]
[0 0 1 0 0 0]
[0 0 0 1 0 0]
[0 0 0 0 1 0]
[1 0 0 0 0 0]

Diagonal matrix is:
[ 1  0  0  0  0  0]
[ 0  1  0  0  0  0]
[ 0  0  1  0  0  0]
[ 0  0  0  1  0  0]
[ 0  0  0  0  1  0]
[ 0  0  0  0  0 -1]



---------------------------------------------------------


Transformation matrix is:
[0 0 0 0 0 1]
[0 1 0 0 0 0]
[0 0 0 1 0 0]
[0 0 1 0 0 0]
[0 0 0 0 1 0]
[1 0 0 0 0 0]

Diagonal matrix is:
[ 1  0  0  0  0  0]
[ 0  1  0  0  0  0]
[ 0  0  1  0  0  0]
[ 0  0  0  1  0  0]
[ 0  0  0  0 -1  0]
[ 0  0  0  0  0 -1]

Point counts are [
    [ 73, 3 ],
    [ 331, 5 ],
    [ 599, 7 ],
    [ 1997, 11 ],
    [ 3077, 13 ],
    [ 6249, 17 ]
]

Good point counts are [
    [ 73, 3 ],
    [ 331, 5 ],
    [ 599, 7 ],
    [ 1997, 11 ],
    [ 3077, 13 ],
    [ 6249, 17 ]
]

Level of weight 4 newform is [ 30, 2, 1 ]

First coefficient can be obtained from:  [ <16, 3>, <42, 5>, <41, 7>, <55, 11>,
<65, 13>, <81, 17> ]
Second coefficient is  <[ 0, 0, 0, 0, 0, 0 ], [ <37, 5>, <34, 7>, <44, 11>, <52,
13>, <64, 17> ]>


---------------------------------------------------------


Transformation matrix is:
[0 0 0 0 0 1]
[0 0 1 0 0 0]
[0 1 0 0 0 0]
[0 0 0 1 0 0]
[0 0 0 0 1 0]
[1 0 0 0 0 0]

Diagonal matrix is:
[ 1  0  0  0  0  0]
[ 0  1  0  0  0  0]
[ 0  0  1  0  0  0]
[ 0  0  0  1  0  0]
[ 0  0  0  0 -1  0]
[ 0  0  0  0  0 -1]

Point counts are [
    [ 73, 3 ],
    [ 331, 5 ],
    [ 599, 7 ],
    [ 1997, 11 ],
    [ 3077, 13 ],
    [ 6249, 17 ]
]

Good point counts are [
    [ 73, 3 ],
    [ 331, 5 ],
    [ 599, 7 ],
    [ 1997, 11 ],
    [ 3077, 13 ],
    [ 6249, 17 ]
]

Level of weight 4 newform is [ 30, 2, 1 ]

First coefficient can be obtained from:  [ <16, 3>, <42, 5>, <41, 7>, <55, 11>,
<65, 13>, <81, 17> ]
Second coefficient is  <[ 0, 0, 0, 0, 0, 0 ], [ <37, 5>, <34, 7>, <44, 11>, <52,
13>, <64, 17> ]>


---------------------------------------------------------


Transformation matrix is:
[0 0 0 0 0 1]
[0 0 0 1 0 0]
[0 0 1 0 0 0]
[0 1 0 0 0 0]
[0 0 0 0 1 0]
[1 0 0 0 0 0]

Diagonal matrix is:
[ 1  0  0  0  0  0]
[ 0  1  0  0  0  0]
[ 0  0  1  0  0  0]
[ 0  0  0  1  0  0]
[ 0  0  0  0 -1  0]
[ 0  0  0  0  0 -1]

Point counts are [
    [ 73, 3 ],
    [ 331, 5 ],
    [ 599, 7 ],
    [ 1997, 11 ],
    [ 3077, 13 ],
    [ 6249, 17 ]
]

Good point counts are [
    [ 73, 3 ],
    [ 331, 5 ],
    [ 599, 7 ],
    [ 1997, 11 ],
    [ 3077, 13 ],
    [ 6249, 17 ]
]

Level of weight 4 newform is [ 30, 2, 1 ]

First coefficient can be obtained from:  [ <16, 3>, <42, 5>, <41, 7>, <55, 11>,
<65, 13>, <81, 17> ]
Second coefficient is  <[ 0, 0, 0, 0, 0, 0 ], [ <37, 5>, <34, 7>, <44, 11>, <52,
13>, <64, 17> ]>


---------------------------------------------------------
