Transformation matrix is:
[1 0 0 0 0 0]
[0 1 0 0 0 0]
[0 0 1 0 0 0]
[0 0 0 1 0 0]
[0 0 0 0 1 0]
[0 0 0 0 0 1]

Diagonal matrix is:
[1 0 0 0 0 0]
[0 1 0 0 0 0]
[0 0 1 0 0 0]
[0 0 0 1 0 0]
[0 0 0 0 1 0]
[0 0 0 0 0 1]

Point counts are [
    [ 85, 3 ],
    [ 295, 5 ],
    [ 675, 7 ],
    [ 2365, 11 ],
    [ 3525, 13 ],
    [ 7675, 17 ]
]

Good point counts are [
    [ 85, 3 ],
    [ 295, 5 ],
    [ 675, 7 ],
    [ 2365, 11 ],
    [ 3525, 13 ],
    [ 7675, 17 ]
]

Level of weight 4 newform is [ 6, 1, 1 ]

First coefficient can be obtained from:  [ <18, 3>, <35, 5>, <45, 7>, <95, 11>,
<105, 13>, <155, 17> ]
Second coefficient is  <[ 0, 0, 0, 0, 0, 0 ], [ <30, 5>, <38, 7>, <84, 11>, <92,
13>, <138, 17> ]>


---------------------------------------------------------


Transformation matrix is:
[1 0 0 0 0 0]
[0 1 0 0 0 0]
[0 0 1 0 0 0]
[0 0 0 0 0 1]
[0 0 0 0 1 0]
[0 0 0 1 0 0]

Diagonal matrix is:
[ 1  0  0  0  0  0]
[ 0  1  0  0  0  0]
[ 0  0  1  0  0  0]
[ 0  0  0  1  0  0]
[ 0  0  0  0  1  0]
[ 0  0  0  0  0 -1]



---------------------------------------------------------


Transformation matrix is:
[1 0 0 0 0 0]
[0 1 0 0 0 0]
[0 0 0 1 0 0]
[0 0 1 0 0 0]
[0 0 0 0 1 0]
[0 0 0 0 0 1]

Diagonal matrix is:
[ 1  0  0  0  0  0]
[ 0  1  0  0  0  0]
[ 0  0  1  0  0  0]
[ 0  0  0  1  0  0]
[ 0  0  0  0  1  0]
[ 0  0  0  0  0 -1]



---------------------------------------------------------


Transformation matrix is:
[1 0 0 0 0 0]
[0 1 0 0 0 0]
[0 0 0 0 0 1]
[0 0 0 1 0 0]
[0 0 0 0 1 0]
[0 0 1 0 0 0]

Diagonal matrix is:
[ 1  0  0  0  0  0]
[ 0  1  0  0  0  0]
[ 0  0  1  0  0  0]
[ 0  0  0  1  0  0]
[ 0  0  0  0  1  0]
[ 0  0  0  0  0 -1]



---------------------------------------------------------


Transformation matrix is:
[1 0 0 0 0 0]
[0 0 1 0 0 0]
[0 1 0 0 0 0]
[0 0 0 1 0 0]
[0 0 0 0 1 0]
[0 0 0 0 0 1]

Diagonal matrix is:
[ 1  0  0  0  0  0]
[ 0  1  0  0  0  0]
[ 0  0  1  0  0  0]
[ 0  0  0  1  0  0]
[ 0  0  0  0  1  0]
[ 0  0  0  0  0 -1]



---------------------------------------------------------


Transformation matrix is:
[1 0 0 0 0 0]
[0 0 1 0 0 0]
[0 1 0 0 0 0]
[0 0 0 0 0 1]
[0 0 0 0 1 0]
[0 0 0 1 0 0]

Diagonal matrix is:
[ 1  0  0  0  0  0]
[ 0  1  0  0  0  0]
[ 0  0  1  0  0  0]
[ 0  0  0  1  0  0]
[ 0  0  0  0 -1  0]
[ 0  0  0  0  0 -1]

Point counts are [
    [ 79, 3 ],
    [ 235, 5 ],
    [ 563, 7 ],
    [ 1969, 11 ],
    [ 3005, 13 ],
    [ 6655, 17 ]
]

Good point counts are [
    [ 79, 3 ],
    [ 235, 5 ],
    [ 563, 7 ],
    [ 1969, 11 ],
    [ 3005, 13 ],
    [ 6655, 17 ]
]

Level of weight 4 newform is [ 6, 1, 1 ]

First coefficient can be obtained from:  [ <16, 3>, <23, 5>, <29, 7>, <59, 11>,
<65, 13>, <95, 17> ]
Second coefficient is  <[ 0, 0, 0, 0, 0, 0 ], [ <18, 5>, <22, 7>, <48, 11>, <52,
13>, <78, 17> ]>


---------------------------------------------------------


Transformation matrix is:
[1 0 0 0 0 0]
[0 0 0 1 0 0]
[0 0 1 0 0 0]
[0 1 0 0 0 0]
[0 0 0 0 1 0]
[0 0 0 0 0 1]

Diagonal matrix is:
[ 1  0  0  0  0  0]
[ 0  1  0  0  0  0]
[ 0  0  1  0  0  0]
[ 0  0  0  1  0  0]
[ 0  0  0  0  1  0]
[ 0  0  0  0  0 -1]



---------------------------------------------------------


Transformation matrix is:
[1 0 0 0 0 0]
[0 0 0 1 0 0]
[0 0 0 0 0 1]
[0 1 0 0 0 0]
[0 0 0 0 1 0]
[0 0 1 0 0 0]

Diagonal matrix is:
[ 1  0  0  0  0  0]
[ 0  1  0  0  0  0]
[ 0  0  1  0  0  0]
[ 0  0  0  1  0  0]
[ 0  0  0  0 -1  0]
[ 0  0  0  0  0 -1]

Point counts are [
    [ 79, 3 ],
    [ 235, 5 ],
    [ 563, 7 ],
    [ 1969, 11 ],
    [ 3005, 13 ],
    [ 6655, 17 ]
]

Good point counts are [
    [ 79, 3 ],
    [ 235, 5 ],
    [ 563, 7 ],
    [ 1969, 11 ],
    [ 3005, 13 ],
    [ 6655, 17 ]
]

Level of weight 4 newform is [ 6, 1, 1 ]

First coefficient can be obtained from:  [ <16, 3>, <23, 5>, <29, 7>, <59, 11>,
<65, 13>, <95, 17> ]
Second coefficient is  <[ 0, 0, 0, 0, 0, 0 ], [ <18, 5>, <22, 7>, <48, 11>, <52,
13>, <78, 17> ]>


---------------------------------------------------------


Transformation matrix is:
[1 0 0 0 0 0]
[0 0 0 0 0 1]
[0 0 1 0 0 0]
[0 0 0 1 0 0]
[0 0 0 0 1 0]
[0 1 0 0 0 0]

Diagonal matrix is:
[ 1  0  0  0  0  0]
[ 0  1  0  0  0  0]
[ 0  0  1  0  0  0]
[ 0  0  0  1  0  0]
[ 0  0  0  0  1  0]
[ 0  0  0  0  0 -1]



---------------------------------------------------------


Transformation matrix is:
[1 0 0 0 0 0]
[0 0 0 0 0 1]
[0 0 0 1 0 0]
[0 0 1 0 0 0]
[0 0 0 0 1 0]
[0 1 0 0 0 0]

Diagonal matrix is:
[ 1  0  0  0  0  0]
[ 0  1  0  0  0  0]
[ 0  0  1  0  0  0]
[ 0  0  0  1  0  0]
[ 0  0  0  0 -1  0]
[ 0  0  0  0  0 -1]

Point counts are [
    [ 79, 3 ],
    [ 235, 5 ],
    [ 563, 7 ],
    [ 1969, 11 ],
    [ 3005, 13 ],
    [ 6655, 17 ]
]

Good point counts are [
    [ 79, 3 ],
    [ 235, 5 ],
    [ 563, 7 ],
    [ 1969, 11 ],
    [ 3005, 13 ],
    [ 6655, 17 ]
]

Level of weight 4 newform is [ 6, 1, 1 ]

First coefficient can be obtained from:  [ <16, 3>, <23, 5>, <29, 7>, <59, 11>,
<65, 13>, <95, 17> ]
Second coefficient is  <[ 0, 0, 0, 0, 0, 0 ], [ <18, 5>, <22, 7>, <48, 11>, <52,
13>, <78, 17> ]>


---------------------------------------------------------


Transformation matrix is:
[0 1 0 0 0 0]
[1 0 0 0 0 0]
[0 0 1 0 0 0]
[0 0 0 1 0 0]
[0 0 0 0 1 0]
[0 0 0 0 0 1]

Diagonal matrix is:
[ 1  0  0  0  0  0]
[ 0  1  0  0  0  0]
[ 0  0  1  0  0  0]
[ 0  0  0  1  0  0]
[ 0  0  0  0  1  0]
[ 0  0  0  0  0 -1]



---------------------------------------------------------


Transformation matrix is:
[0 1 0 0 0 0]
[1 0 0 0 0 0]
[0 0 1 0 0 0]
[0 0 0 0 0 1]
[0 0 0 0 1 0]
[0 0 0 1 0 0]

Diagonal matrix is:
[ 1  0  0  0  0  0]
[ 0  1  0  0  0  0]
[ 0  0  1  0  0  0]
[ 0  0  0  1  0  0]
[ 0  0  0  0 -1  0]
[ 0  0  0  0  0 -1]

Point counts are [
    [ 79, 3 ],
    [ 235, 5 ],
    [ 563, 7 ],
    [ 1969, 11 ],
    [ 3005, 13 ],
    [ 6655, 17 ]
]

Good point counts are [
    [ 79, 3 ],
    [ 235, 5 ],
    [ 563, 7 ],
    [ 1969, 11 ],
    [ 3005, 13 ],
    [ 6655, 17 ]
]

Level of weight 4 newform is [ 6, 1, 1 ]

First coefficient can be obtained from:  [ <16, 3>, <23, 5>, <29, 7>, <59, 11>,
<65, 13>, <95, 17> ]
Second coefficient is  <[ 0, 0, 0, 0, 0, 0 ], [ <18, 5>, <22, 7>, <48, 11>, <52,
13>, <78, 17> ]>


---------------------------------------------------------


Transformation matrix is:
[0 1 0 0 0 0]
[1 0 0 0 0 0]
[0 0 0 1 0 0]
[0 0 1 0 0 0]
[0 0 0 0 1 0]
[0 0 0 0 0 1]

Diagonal matrix is:
[ 1  0  0  0  0  0]
[ 0  1  0  0  0  0]
[ 0  0  1  0  0  0]
[ 0  0  0  1  0  0]
[ 0  0  0  0 -1  0]
[ 0  0  0  0  0 -1]

Point counts are [
    [ 79, 3 ],
    [ 235, 5 ],
    [ 563, 7 ],
    [ 1969, 11 ],
    [ 3005, 13 ],
    [ 6655, 17 ]
]

Good point counts are [
    [ 79, 3 ],
    [ 235, 5 ],
    [ 563, 7 ],
    [ 1969, 11 ],
    [ 3005, 13 ],
    [ 6655, 17 ]
]

Level of weight 4 newform is [ 6, 1, 1 ]

First coefficient can be obtained from:  [ <16, 3>, <23, 5>, <29, 7>, <59, 11>,
<65, 13>, <95, 17> ]
Second coefficient is  <[ 0, 0, 0, 0, 0, 0 ], [ <18, 5>, <22, 7>, <48, 11>, <52,
13>, <78, 17> ]>


---------------------------------------------------------


Transformation matrix is:
[0 1 0 0 0 0]
[1 0 0 0 0 0]
[0 0 0 0 0 1]
[0 0 0 1 0 0]
[0 0 0 0 1 0]
[0 0 1 0 0 0]

Diagonal matrix is:
[ 1  0  0  0  0  0]
[ 0  1  0  0  0  0]
[ 0  0  1  0  0  0]
[ 0  0  0  1  0  0]
[ 0  0  0  0 -1  0]
[ 0  0  0  0  0 -1]

Point counts are [
    [ 79, 3 ],
    [ 235, 5 ],
    [ 563, 7 ],
    [ 1969, 11 ],
    [ 3005, 13 ],
    [ 6655, 17 ]
]

Good point counts are [
    [ 79, 3 ],
    [ 235, 5 ],
    [ 563, 7 ],
    [ 1969, 11 ],
    [ 3005, 13 ],
    [ 6655, 17 ]
]

Level of weight 4 newform is [ 6, 1, 1 ]

First coefficient can be obtained from:  [ <16, 3>, <23, 5>, <29, 7>, <59, 11>,
<65, 13>, <95, 17> ]
Second coefficient is  <[ 0, 0, 0, 0, 0, 0 ], [ <18, 5>, <22, 7>, <48, 11>, <52,
13>, <78, 17> ]>


---------------------------------------------------------


Transformation matrix is:
[0 0 1 0 0 0]
[0 1 0 0 0 0]
[1 0 0 0 0 0]
[0 0 0 1 0 0]
[0 0 0 0 1 0]
[0 0 0 0 0 1]

Diagonal matrix is:
[ 1  0  0  0  0  0]
[ 0  1  0  0  0  0]
[ 0  0  1  0  0  0]
[ 0  0  0  1  0  0]
[ 0  0  0  0  1  0]
[ 0  0  0  0  0 -1]



---------------------------------------------------------


Transformation matrix is:
[0 0 1 0 0 0]
[0 1 0 0 0 0]
[1 0 0 0 0 0]
[0 0 0 0 0 1]
[0 0 0 0 1 0]
[0 0 0 1 0 0]

Diagonal matrix is:
[ 1  0  0  0  0  0]
[ 0  1  0  0  0  0]
[ 0  0  1  0  0  0]
[ 0  0  0  1  0  0]
[ 0  0  0  0 -1  0]
[ 0  0  0  0  0 -1]

Point counts are [
    [ 79, 3 ],
    [ 235, 5 ],
    [ 563, 7 ],
    [ 1969, 11 ],
    [ 3005, 13 ],
    [ 6655, 17 ]
]

Good point counts are [
    [ 79, 3 ],
    [ 235, 5 ],
    [ 563, 7 ],
    [ 1969, 11 ],
    [ 3005, 13 ],
    [ 6655, 17 ]
]

Level of weight 4 newform is [ 6, 1, 1 ]

First coefficient can be obtained from:  [ <16, 3>, <23, 5>, <29, 7>, <59, 11>,
<65, 13>, <95, 17> ]
Second coefficient is  <[ 0, 0, 0, 0, 0, 0 ], [ <18, 5>, <22, 7>, <48, 11>, <52,
13>, <78, 17> ]>


---------------------------------------------------------


Transformation matrix is:
[0 0 1 0 0 0]
[0 0 0 1 0 0]
[1 0 0 0 0 0]
[0 1 0 0 0 0]
[0 0 0 0 1 0]
[0 0 0 0 0 1]

Diagonal matrix is:
[ 1  0  0  0  0  0]
[ 0  1  0  0  0  0]
[ 0  0  1  0  0  0]
[ 0  0  0  1  0  0]
[ 0  0  0  0 -1  0]
[ 0  0  0  0  0 -1]

Point counts are [
    [ 79, 3 ],
    [ 235, 5 ],
    [ 563, 7 ],
    [ 1969, 11 ],
    [ 3005, 13 ],
    [ 6655, 17 ]
]

Good point counts are [
    [ 79, 3 ],
    [ 235, 5 ],
    [ 563, 7 ],
    [ 1969, 11 ],
    [ 3005, 13 ],
    [ 6655, 17 ]
]

Level of weight 4 newform is [ 6, 1, 1 ]

First coefficient can be obtained from:  [ <16, 3>, <23, 5>, <29, 7>, <59, 11>,
<65, 13>, <95, 17> ]
Second coefficient is  <[ 0, 0, 0, 0, 0, 0 ], [ <18, 5>, <22, 7>, <48, 11>, <52,
13>, <78, 17> ]>


---------------------------------------------------------


Transformation matrix is:
[0 0 1 0 0 0]
[0 0 0 0 0 1]
[1 0 0 0 0 0]
[0 0 0 1 0 0]
[0 0 0 0 1 0]
[0 1 0 0 0 0]

Diagonal matrix is:
[ 1  0  0  0  0  0]
[ 0  1  0  0  0  0]
[ 0  0  1  0  0  0]
[ 0  0  0  1  0  0]
[ 0  0  0  0 -1  0]
[ 0  0  0  0  0 -1]

Point counts are [
    [ 79, 3 ],
    [ 235, 5 ],
    [ 563, 7 ],
    [ 1969, 11 ],
    [ 3005, 13 ],
    [ 6655, 17 ]
]

Good point counts are [
    [ 79, 3 ],
    [ 235, 5 ],
    [ 563, 7 ],
    [ 1969, 11 ],
    [ 3005, 13 ],
    [ 6655, 17 ]
]

Level of weight 4 newform is [ 6, 1, 1 ]

First coefficient can be obtained from:  [ <16, 3>, <23, 5>, <29, 7>, <59, 11>,
<65, 13>, <95, 17> ]
Second coefficient is  <[ 0, 0, 0, 0, 0, 0 ], [ <18, 5>, <22, 7>, <48, 11>, <52,
13>, <78, 17> ]>


---------------------------------------------------------


Transformation matrix is:
[0 0 0 1 0 0]
[0 1 0 0 0 0]
[0 0 1 0 0 0]
[1 0 0 0 0 0]
[0 0 0 0 1 0]
[0 0 0 0 0 1]

Diagonal matrix is:
[ 1  0  0  0  0  0]
[ 0  1  0  0  0  0]
[ 0  0  1  0  0  0]
[ 0  0  0  1  0  0]
[ 0  0  0  0  1  0]
[ 0  0  0  0  0 -1]



---------------------------------------------------------


Transformation matrix is:
[0 0 0 1 0 0]
[0 1 0 0 0 0]
[0 0 0 0 0 1]
[1 0 0 0 0 0]
[0 0 0 0 1 0]
[0 0 1 0 0 0]

Diagonal matrix is:
[ 1  0  0  0  0  0]
[ 0  1  0  0  0  0]
[ 0  0  1  0  0  0]
[ 0  0  0  1  0  0]
[ 0  0  0  0 -1  0]
[ 0  0  0  0  0 -1]

Point counts are [
    [ 79, 3 ],
    [ 235, 5 ],
    [ 563, 7 ],
    [ 1969, 11 ],
    [ 3005, 13 ],
    [ 6655, 17 ]
]

Good point counts are [
    [ 79, 3 ],
    [ 235, 5 ],
    [ 563, 7 ],
    [ 1969, 11 ],
    [ 3005, 13 ],
    [ 6655, 17 ]
]

Level of weight 4 newform is [ 6, 1, 1 ]

First coefficient can be obtained from:  [ <16, 3>, <23, 5>, <29, 7>, <59, 11>,
<65, 13>, <95, 17> ]
Second coefficient is  <[ 0, 0, 0, 0, 0, 0 ], [ <18, 5>, <22, 7>, <48, 11>, <52,
13>, <78, 17> ]>


---------------------------------------------------------


Transformation matrix is:
[0 0 0 1 0 0]
[0 0 1 0 0 0]
[0 1 0 0 0 0]
[1 0 0 0 0 0]
[0 0 0 0 1 0]
[0 0 0 0 0 1]

Diagonal matrix is:
[ 1  0  0  0  0  0]
[ 0  1  0  0  0  0]
[ 0  0  1  0  0  0]
[ 0  0  0  1  0  0]
[ 0  0  0  0 -1  0]
[ 0  0  0  0  0 -1]

Point counts are [
    [ 79, 3 ],
    [ 235, 5 ],
    [ 563, 7 ],
    [ 1969, 11 ],
    [ 3005, 13 ],
    [ 6655, 17 ]
]

Good point counts are [
    [ 79, 3 ],
    [ 235, 5 ],
    [ 563, 7 ],
    [ 1969, 11 ],
    [ 3005, 13 ],
    [ 6655, 17 ]
]

Level of weight 4 newform is [ 6, 1, 1 ]

First coefficient can be obtained from:  [ <16, 3>, <23, 5>, <29, 7>, <59, 11>,
<65, 13>, <95, 17> ]
Second coefficient is  <[ 0, 0, 0, 0, 0, 0 ], [ <18, 5>, <22, 7>, <48, 11>, <52,
13>, <78, 17> ]>


---------------------------------------------------------


Transformation matrix is:
[0 0 0 1 0 0]
[0 0 0 0 0 1]
[0 0 1 0 0 0]
[1 0 0 0 0 0]
[0 0 0 0 1 0]
[0 1 0 0 0 0]

Diagonal matrix is:
[ 1  0  0  0  0  0]
[ 0  1  0  0  0  0]
[ 0  0  1  0  0  0]
[ 0  0  0  1  0  0]
[ 0  0  0  0 -1  0]
[ 0  0  0  0  0 -1]

Point counts are [
    [ 79, 3 ],
    [ 235, 5 ],
    [ 563, 7 ],
    [ 1969, 11 ],
    [ 3005, 13 ],
    [ 6655, 17 ]
]

Good point counts are [
    [ 79, 3 ],
    [ 235, 5 ],
    [ 563, 7 ],
    [ 1969, 11 ],
    [ 3005, 13 ],
    [ 6655, 17 ]
]

Level of weight 4 newform is [ 6, 1, 1 ]

First coefficient can be obtained from:  [ <16, 3>, <23, 5>, <29, 7>, <59, 11>,
<65, 13>, <95, 17> ]
Second coefficient is  <[ 0, 0, 0, 0, 0, 0 ], [ <18, 5>, <22, 7>, <48, 11>, <52,
13>, <78, 17> ]>


---------------------------------------------------------


Transformation matrix is:
[0 0 0 0 0 1]
[0 1 0 0 0 0]
[0 0 1 0 0 0]
[0 0 0 1 0 0]
[0 0 0 0 1 0]
[1 0 0 0 0 0]

Diagonal matrix is:
[ 1  0  0  0  0  0]
[ 0  1  0  0  0  0]
[ 0  0  1  0  0  0]
[ 0  0  0  1  0  0]
[ 0  0  0  0  1  0]
[ 0  0  0  0  0 -1]



---------------------------------------------------------


Transformation matrix is:
[0 0 0 0 0 1]
[0 1 0 0 0 0]
[0 0 0 1 0 0]
[0 0 1 0 0 0]
[0 0 0 0 1 0]
[1 0 0 0 0 0]

Diagonal matrix is:
[ 1  0  0  0  0  0]
[ 0  1  0  0  0  0]
[ 0  0  1  0  0  0]
[ 0  0  0  1  0  0]
[ 0  0  0  0 -1  0]
[ 0  0  0  0  0 -1]

Point counts are [
    [ 79, 3 ],
    [ 235, 5 ],
    [ 563, 7 ],
    [ 1969, 11 ],
    [ 3005, 13 ],
    [ 6655, 17 ]
]

Good point counts are [
    [ 79, 3 ],
    [ 235, 5 ],
    [ 563, 7 ],
    [ 1969, 11 ],
    [ 3005, 13 ],
    [ 6655, 17 ]
]

Level of weight 4 newform is [ 6, 1, 1 ]

First coefficient can be obtained from:  [ <16, 3>, <23, 5>, <29, 7>, <59, 11>,
<65, 13>, <95, 17> ]
Second coefficient is  <[ 0, 0, 0, 0, 0, 0 ], [ <18, 5>, <22, 7>, <48, 11>, <52,
13>, <78, 17> ]>


---------------------------------------------------------


Transformation matrix is:
[0 0 0 0 0 1]
[0 0 1 0 0 0]
[0 1 0 0 0 0]
[0 0 0 1 0 0]
[0 0 0 0 1 0]
[1 0 0 0 0 0]

Diagonal matrix is:
[ 1  0  0  0  0  0]
[ 0  1  0  0  0  0]
[ 0  0  1  0  0  0]
[ 0  0  0  1  0  0]
[ 0  0  0  0 -1  0]
[ 0  0  0  0  0 -1]

Point counts are [
    [ 79, 3 ],
    [ 235, 5 ],
    [ 563, 7 ],
    [ 1969, 11 ],
    [ 3005, 13 ],
    [ 6655, 17 ]
]

Good point counts are [
    [ 79, 3 ],
    [ 235, 5 ],
    [ 563, 7 ],
    [ 1969, 11 ],
    [ 3005, 13 ],
    [ 6655, 17 ]
]

Level of weight 4 newform is [ 6, 1, 1 ]

First coefficient can be obtained from:  [ <16, 3>, <23, 5>, <29, 7>, <59, 11>,
<65, 13>, <95, 17> ]
Second coefficient is  <[ 0, 0, 0, 0, 0, 0 ], [ <18, 5>, <22, 7>, <48, 11>, <52,
13>, <78, 17> ]>


---------------------------------------------------------


Transformation matrix is:
[0 0 0 0 0 1]
[0 0 0 1 0 0]
[0 0 1 0 0 0]
[0 1 0 0 0 0]
[0 0 0 0 1 0]
[1 0 0 0 0 0]

Diagonal matrix is:
[ 1  0  0  0  0  0]
[ 0  1  0  0  0  0]
[ 0  0  1  0  0  0]
[ 0  0  0  1  0  0]
[ 0  0  0  0 -1  0]
[ 0  0  0  0  0 -1]

Point counts are [
    [ 79, 3 ],
    [ 235, 5 ],
    [ 563, 7 ],
    [ 1969, 11 ],
    [ 3005, 13 ],
    [ 6655, 17 ]
]

Good point counts are [
    [ 79, 3 ],
    [ 235, 5 ],
    [ 563, 7 ],
    [ 1969, 11 ],
    [ 3005, 13 ],
    [ 6655, 17 ]
]

Level of weight 4 newform is [ 6, 1, 1 ]

First coefficient can be obtained from:  [ <16, 3>, <23, 5>, <29, 7>, <59, 11>,
<65, 13>, <95, 17> ]
Second coefficient is  <[ 0, 0, 0, 0, 0, 0 ], [ <18, 5>, <22, 7>, <48, 11>, <52,
13>, <78, 17> ]>


---------------------------------------------------------
