Transformation matrix is:
[1 0 0 0 0 0]
[0 1 0 0 0 0]
[0 0 1 0 0 0]
[0 0 0 1 0 0]
[0 0 0 0 1 0]
[0 0 0 0 0 1]

Diagonal matrix is:
[1 0 0 0 0 0]
[0 1 0 0 0 0]
[0 0 1 0 0 0]
[0 0 0 1 0 0]
[0 0 0 0 1 0]
[0 0 0 0 0 1]

Point counts are [
    [ 82, 3 ],
    [ 306, 5 ],
    [ 694, 7 ],
    [ 2346, 11 ],
    [ 3568, 13 ],
    [ 7668, 17 ]
]

Good point counts are [
    [ 82, 3 ],
    [ 306, 5 ],
    [ 694, 7 ],
    [ 2346, 11 ],
    [ 3568, 13 ],
    [ 7668, 17 ]
]

Level of weight 4 newform is [ 60, 2, 1 ]

First coefficient can be obtained from:  [ <17, 3>, <35, 5>, <46, 7>, <90, 11>,
<100, 13>, <168, 17> ]
Second coefficient is  <[ 0, 0, 0, 0, 0, 0 ], [ <30, 5>, <39, 7>, <79, 11>, <87,
13>, <151, 17> ]>


---------------------------------------------------------


Transformation matrix is:
[1 0 0 0 0 0]
[0 1 0 0 0 0]
[0 0 1 0 0 0]
[0 0 0 1 0 0]
[0 0 0 0 0 1]
[0 0 0 0 1 0]

Diagonal matrix is:
[ 1  0  0  0  0  0]
[ 0  1  0  0  0  0]
[ 0  0  1  0  0  0]
[ 0  0  0  1  0  0]
[ 0  0  0  0  1  0]
[ 0  0  0  0  0 -1]



---------------------------------------------------------


Transformation matrix is:
[1 0 0 0 0 0]
[0 1 0 0 0 0]
[0 0 1 0 0 0]
[0 0 0 0 1 0]
[0 0 0 1 0 0]
[0 0 0 0 0 1]

Diagonal matrix is:
[ 1  0  0  0  0  0]
[ 0  1  0  0  0  0]
[ 0  0  1  0  0  0]
[ 0  0  0  1  0  0]
[ 0  0  0  0  1  0]
[ 0  0  0  0  0 -1]



---------------------------------------------------------


Transformation matrix is:
[1 0 0 0 0 0]
[0 1 0 0 0 0]
[0 0 1 0 0 0]
[0 0 0 0 0 1]
[0 0 0 0 1 0]
[0 0 0 1 0 0]

Diagonal matrix is:
[ 1  0  0  0  0  0]
[ 0  1  0  0  0  0]
[ 0  0  1  0  0  0]
[ 0  0  0  1  0  0]
[ 0  0  0  0  1  0]
[ 0  0  0  0  0 -1]



---------------------------------------------------------


Transformation matrix is:
[1 0 0 0 0 0]
[0 0 1 0 0 0]
[0 1 0 0 0 0]
[0 0 0 1 0 0]
[0 0 0 0 1 0]
[0 0 0 0 0 1]

Diagonal matrix is:
[ 1  0  0  0  0  0]
[ 0  1  0  0  0  0]
[ 0  0  1  0  0  0]
[ 0  0  0  1  0  0]
[ 0  0  0  0  1  0]
[ 0  0  0  0  0 -1]



---------------------------------------------------------


Transformation matrix is:
[1 0 0 0 0 0]
[0 0 1 0 0 0]
[0 1 0 0 0 0]
[0 0 0 1 0 0]
[0 0 0 0 0 1]
[0 0 0 0 1 0]

Diagonal matrix is:
[ 1  0  0  0  0  0]
[ 0  1  0  0  0  0]
[ 0  0  1  0  0  0]
[ 0  0  0  1  0  0]
[ 0  0  0  0 -1  0]
[ 0  0  0  0  0 -1]

Point counts are [
    [ 64, 3 ],
    [ 246, 5 ],
    [ 596, 7 ],
    [ 1972, 11 ],
    [ 3074, 13 ],
    [ 6478, 17 ]
]

Good point counts are [
    [ 64, 3 ],
    [ 246, 5 ],
    [ 596, 7 ],
    [ 1972, 11 ],
    [ 3074, 13 ],
    [ 6478, 17 ]
]

Level of weight 4 newform is [ 60, 2, 1 ]

First coefficient can be obtained from:  [ <11, 3>, <23, 5>, <32, 7>, <56, 11>,
<62, 13>, <98, 17> ]
Second coefficient is  <[ 0, 0, 0, 0, 0, 0 ], [ <18, 5>, <25, 7>, <45, 11>, <49,
13>, <81, 17> ]>


---------------------------------------------------------


Transformation matrix is:
[1 0 0 0 0 0]
[0 0 1 0 0 0]
[0 1 0 0 0 0]
[0 0 0 0 1 0]
[0 0 0 1 0 0]
[0 0 0 0 0 1]

Diagonal matrix is:
[ 1  0  0  0  0  0]
[ 0  1  0  0  0  0]
[ 0  0  1  0  0  0]
[ 0  0  0  1  0  0]
[ 0  0  0  0 -1  0]
[ 0  0  0  0  0 -1]

Point counts are [
    [ 64, 3 ],
    [ 246, 5 ],
    [ 596, 7 ],
    [ 1972, 11 ],
    [ 3074, 13 ],
    [ 6478, 17 ]
]

Good point counts are [
    [ 64, 3 ],
    [ 246, 5 ],
    [ 596, 7 ],
    [ 1972, 11 ],
    [ 3074, 13 ],
    [ 6478, 17 ]
]

Level of weight 4 newform is [ 60, 2, 1 ]

First coefficient can be obtained from:  [ <11, 3>, <23, 5>, <32, 7>, <56, 11>,
<62, 13>, <98, 17> ]
Second coefficient is  <[ 0, 0, 0, 0, 0, 0 ], [ <18, 5>, <25, 7>, <45, 11>, <49,
13>, <81, 17> ]>


---------------------------------------------------------


Transformation matrix is:
[1 0 0 0 0 0]
[0 0 1 0 0 0]
[0 1 0 0 0 0]
[0 0 0 0 0 1]
[0 0 0 0 1 0]
[0 0 0 1 0 0]

Diagonal matrix is:
[ 1  0  0  0  0  0]
[ 0  1  0  0  0  0]
[ 0  0  1  0  0  0]
[ 0  0  0  1  0  0]
[ 0  0  0  0 -1  0]
[ 0  0  0  0  0 -1]

Point counts are [
    [ 64, 3 ],
    [ 246, 5 ],
    [ 596, 7 ],
    [ 1972, 11 ],
    [ 3074, 13 ],
    [ 6478, 17 ]
]

Good point counts are [
    [ 64, 3 ],
    [ 246, 5 ],
    [ 596, 7 ],
    [ 1972, 11 ],
    [ 3074, 13 ],
    [ 6478, 17 ]
]

Level of weight 4 newform is [ 60, 2, 1 ]

First coefficient can be obtained from:  [ <11, 3>, <23, 5>, <32, 7>, <56, 11>,
<62, 13>, <98, 17> ]
Second coefficient is  <[ 0, 0, 0, 0, 0, 0 ], [ <18, 5>, <25, 7>, <45, 11>, <49,
13>, <81, 17> ]>


---------------------------------------------------------


Transformation matrix is:
[0 1 0 0 0 0]
[1 0 0 0 0 0]
[0 0 1 0 0 0]
[0 0 0 1 0 0]
[0 0 0 0 1 0]
[0 0 0 0 0 1]

Diagonal matrix is:
[ 1  0  0  0  0  0]
[ 0  1  0  0  0  0]
[ 0  0  1  0  0  0]
[ 0  0  0  1  0  0]
[ 0  0  0  0  1  0]
[ 0  0  0  0  0 -1]



---------------------------------------------------------


Transformation matrix is:
[0 1 0 0 0 0]
[1 0 0 0 0 0]
[0 0 1 0 0 0]
[0 0 0 1 0 0]
[0 0 0 0 0 1]
[0 0 0 0 1 0]

Diagonal matrix is:
[ 1  0  0  0  0  0]
[ 0  1  0  0  0  0]
[ 0  0  1  0  0  0]
[ 0  0  0  1  0  0]
[ 0  0  0  0 -1  0]
[ 0  0  0  0  0 -1]

Point counts are [
    [ 64, 3 ],
    [ 246, 5 ],
    [ 596, 7 ],
    [ 1972, 11 ],
    [ 3074, 13 ],
    [ 6478, 17 ]
]

Good point counts are [
    [ 64, 3 ],
    [ 246, 5 ],
    [ 596, 7 ],
    [ 1972, 11 ],
    [ 3074, 13 ],
    [ 6478, 17 ]
]

Level of weight 4 newform is [ 60, 2, 1 ]

First coefficient can be obtained from:  [ <11, 3>, <23, 5>, <32, 7>, <56, 11>,
<62, 13>, <98, 17> ]
Second coefficient is  <[ 0, 0, 0, 0, 0, 0 ], [ <18, 5>, <25, 7>, <45, 11>, <49,
13>, <81, 17> ]>


---------------------------------------------------------


Transformation matrix is:
[0 1 0 0 0 0]
[1 0 0 0 0 0]
[0 0 1 0 0 0]
[0 0 0 0 1 0]
[0 0 0 1 0 0]
[0 0 0 0 0 1]

Diagonal matrix is:
[ 1  0  0  0  0  0]
[ 0  1  0  0  0  0]
[ 0  0  1  0  0  0]
[ 0  0  0  1  0  0]
[ 0  0  0  0 -1  0]
[ 0  0  0  0  0 -1]

Point counts are [
    [ 64, 3 ],
    [ 246, 5 ],
    [ 596, 7 ],
    [ 1972, 11 ],
    [ 3074, 13 ],
    [ 6478, 17 ]
]

Good point counts are [
    [ 64, 3 ],
    [ 246, 5 ],
    [ 596, 7 ],
    [ 1972, 11 ],
    [ 3074, 13 ],
    [ 6478, 17 ]
]

Level of weight 4 newform is [ 60, 2, 1 ]

First coefficient can be obtained from:  [ <11, 3>, <23, 5>, <32, 7>, <56, 11>,
<62, 13>, <98, 17> ]
Second coefficient is  <[ 0, 0, 0, 0, 0, 0 ], [ <18, 5>, <25, 7>, <45, 11>, <49,
13>, <81, 17> ]>


---------------------------------------------------------


Transformation matrix is:
[0 1 0 0 0 0]
[1 0 0 0 0 0]
[0 0 1 0 0 0]
[0 0 0 0 0 1]
[0 0 0 0 1 0]
[0 0 0 1 0 0]

Diagonal matrix is:
[ 1  0  0  0  0  0]
[ 0  1  0  0  0  0]
[ 0  0  1  0  0  0]
[ 0  0  0  1  0  0]
[ 0  0  0  0 -1  0]
[ 0  0  0  0  0 -1]

Point counts are [
    [ 64, 3 ],
    [ 246, 5 ],
    [ 596, 7 ],
    [ 1972, 11 ],
    [ 3074, 13 ],
    [ 6478, 17 ]
]

Good point counts are [
    [ 64, 3 ],
    [ 246, 5 ],
    [ 596, 7 ],
    [ 1972, 11 ],
    [ 3074, 13 ],
    [ 6478, 17 ]
]

Level of weight 4 newform is [ 60, 2, 1 ]

First coefficient can be obtained from:  [ <11, 3>, <23, 5>, <32, 7>, <56, 11>,
<62, 13>, <98, 17> ]
Second coefficient is  <[ 0, 0, 0, 0, 0, 0 ], [ <18, 5>, <25, 7>, <45, 11>, <49,
13>, <81, 17> ]>


---------------------------------------------------------


Transformation matrix is:
[0 0 1 0 0 0]
[0 1 0 0 0 0]
[1 0 0 0 0 0]
[0 0 0 1 0 0]
[0 0 0 0 1 0]
[0 0 0 0 0 1]

Diagonal matrix is:
[ 1  0  0  0  0  0]
[ 0  1  0  0  0  0]
[ 0  0  1  0  0  0]
[ 0  0  0  1  0  0]
[ 0  0  0  0  1  0]
[ 0  0  0  0  0 -1]



---------------------------------------------------------


Transformation matrix is:
[0 0 1 0 0 0]
[0 1 0 0 0 0]
[1 0 0 0 0 0]
[0 0 0 1 0 0]
[0 0 0 0 0 1]
[0 0 0 0 1 0]

Diagonal matrix is:
[ 1  0  0  0  0  0]
[ 0  1  0  0  0  0]
[ 0  0  1  0  0  0]
[ 0  0  0  1  0  0]
[ 0  0  0  0 -1  0]
[ 0  0  0  0  0 -1]

Point counts are [
    [ 64, 3 ],
    [ 246, 5 ],
    [ 596, 7 ],
    [ 1972, 11 ],
    [ 3074, 13 ],
    [ 6478, 17 ]
]

Good point counts are [
    [ 64, 3 ],
    [ 246, 5 ],
    [ 596, 7 ],
    [ 1972, 11 ],
    [ 3074, 13 ],
    [ 6478, 17 ]
]

Level of weight 4 newform is [ 60, 2, 1 ]

First coefficient can be obtained from:  [ <11, 3>, <23, 5>, <32, 7>, <56, 11>,
<62, 13>, <98, 17> ]
Second coefficient is  <[ 0, 0, 0, 0, 0, 0 ], [ <18, 5>, <25, 7>, <45, 11>, <49,
13>, <81, 17> ]>


---------------------------------------------------------


Transformation matrix is:
[0 0 1 0 0 0]
[0 1 0 0 0 0]
[1 0 0 0 0 0]
[0 0 0 0 1 0]
[0 0 0 1 0 0]
[0 0 0 0 0 1]

Diagonal matrix is:
[ 1  0  0  0  0  0]
[ 0  1  0  0  0  0]
[ 0  0  1  0  0  0]
[ 0  0  0  1  0  0]
[ 0  0  0  0 -1  0]
[ 0  0  0  0  0 -1]

Point counts are [
    [ 64, 3 ],
    [ 246, 5 ],
    [ 596, 7 ],
    [ 1972, 11 ],
    [ 3074, 13 ],
    [ 6478, 17 ]
]

Good point counts are [
    [ 64, 3 ],
    [ 246, 5 ],
    [ 596, 7 ],
    [ 1972, 11 ],
    [ 3074, 13 ],
    [ 6478, 17 ]
]

Level of weight 4 newform is [ 60, 2, 1 ]

First coefficient can be obtained from:  [ <11, 3>, <23, 5>, <32, 7>, <56, 11>,
<62, 13>, <98, 17> ]
Second coefficient is  <[ 0, 0, 0, 0, 0, 0 ], [ <18, 5>, <25, 7>, <45, 11>, <49,
13>, <81, 17> ]>


---------------------------------------------------------


Transformation matrix is:
[0 0 1 0 0 0]
[0 1 0 0 0 0]
[1 0 0 0 0 0]
[0 0 0 0 0 1]
[0 0 0 0 1 0]
[0 0 0 1 0 0]

Diagonal matrix is:
[ 1  0  0  0  0  0]
[ 0  1  0  0  0  0]
[ 0  0  1  0  0  0]
[ 0  0  0  1  0  0]
[ 0  0  0  0 -1  0]
[ 0  0  0  0  0 -1]

Point counts are [
    [ 64, 3 ],
    [ 246, 5 ],
    [ 596, 7 ],
    [ 1972, 11 ],
    [ 3074, 13 ],
    [ 6478, 17 ]
]

Good point counts are [
    [ 64, 3 ],
    [ 246, 5 ],
    [ 596, 7 ],
    [ 1972, 11 ],
    [ 3074, 13 ],
    [ 6478, 17 ]
]

Level of weight 4 newform is [ 60, 2, 1 ]

First coefficient can be obtained from:  [ <11, 3>, <23, 5>, <32, 7>, <56, 11>,
<62, 13>, <98, 17> ]
Second coefficient is  <[ 0, 0, 0, 0, 0, 0 ], [ <18, 5>, <25, 7>, <45, 11>, <49,
13>, <81, 17> ]>


---------------------------------------------------------

