Transformation matrix is:
[1 0 0 0 0 0]
[0 1 0 0 0 0]
[0 0 1 0 0 0]
[0 0 0 1 0 0]
[0 0 0 0 1 0]
[0 0 0 0 0 1]

Diagonal matrix is:
[1 0 0 0 0 0]
[0 1 0 0 0 0]
[0 0 1 0 0 0]
[0 0 0 1 0 0]
[0 0 0 0 1 0]
[0 0 0 0 0 1]

Point counts are [
    [ 80, 3 ],
    [ 290, 5 ],
    [ 890, 7 ],
    [ 2350, 11 ],
    [ 3870, 13 ],
    [ 6880, 17 ]
]

Good point counts are [
    [ 80, 3 ],
    [ 290, 5 ],
    [ 890, 7 ],
    [ 2350, 11 ],
    [ 3870, 13 ],
    [ 6880, 17 ]
]

Level of weight 4 newform is [ 14, 2, 1 ]

First coefficient can be obtained from:  [ <20, 3>, <30, 5>, <77, 7>, <90, 11>,
<130, 13>, <120, 17> ]
Second coefficient is  <[ 0, 0, 0, 0, 0, 0 ], [ <25, 5>, <70, 7>, <79, 11>,
<117, 13>, <103, 17> ]>


---------------------------------------------------------


Transformation matrix is:
[1 0 0 0 0 0]
[0 1 0 0 0 0]
[0 0 1 0 0 0]
[0 0 0 0 0 1]
[0 0 0 0 1 0]
[0 0 0 1 0 0]

Diagonal matrix is:
[ 1  0  0  0  0  0]
[ 0  1  0  0  0  0]
[ 0  0  1  0  0  0]
[ 0  0  0  1  0  0]
[ 0  0  0  0  1  0]
[ 0  0  0  0  0 -1]



---------------------------------------------------------


Transformation matrix is:
[1 0 0 0 0 0]
[0 1 0 0 0 0]
[0 0 0 1 0 0]
[0 0 1 0 0 0]
[0 0 0 0 1 0]
[0 0 0 0 0 1]

Diagonal matrix is:
[ 1  0  0  0  0  0]
[ 0  1  0  0  0  0]
[ 0  0  1  0  0  0]
[ 0  0  0  1  0  0]
[ 0  0  0  0  1  0]
[ 0  0  0  0  0 -1]



---------------------------------------------------------


Transformation matrix is:
[1 0 0 0 0 0]
[0 1 0 0 0 0]
[0 0 0 0 0 1]
[0 0 0 1 0 0]
[0 0 0 0 1 0]
[0 0 1 0 0 0]

Diagonal matrix is:
[ 1  0  0  0  0  0]
[ 0  1  0  0  0  0]
[ 0  0  1  0  0  0]
[ 0  0  0  1  0  0]
[ 0  0  0  0  1  0]
[ 0  0  0  0  0 -1]



---------------------------------------------------------


Transformation matrix is:
[1 0 0 0 0 0]
[0 0 1 0 0 0]
[0 1 0 0 0 0]
[0 0 0 1 0 0]
[0 0 0 0 1 0]
[0 0 0 0 0 1]

Diagonal matrix is:
[ 1  0  0  0  0  0]
[ 0  1  0  0  0  0]
[ 0  0  1  0  0  0]
[ 0  0  0  1  0  0]
[ 0  0  0  0  1  0]
[ 0  0  0  0  0 -1]



---------------------------------------------------------


Transformation matrix is:
[1 0 0 0 0 0]
[0 0 1 0 0 0]
[0 1 0 0 0 0]
[0 0 0 0 0 1]
[0 0 0 0 1 0]
[0 0 0 1 0 0]

Diagonal matrix is:
[ 1  0  0  0  0  0]
[ 0  1  0  0  0  0]
[ 0  0  1  0  0  0]
[ 0  0  0  1  0  0]
[ 0  0  0  0 -1  0]
[ 0  0  0  0  0 -1]

Point counts are [
    [ 62, 3 ],
    [ 240, 5 ],
    [ 834, 7 ],
    [ 1976, 11 ],
    [ 3220, 13 ],
    [ 6098, 17 ]
]

Good point counts are [
    [ 62, 3 ],
    [ 240, 5 ],
    [ 834, 7 ],
    [ 1976, 11 ],
    [ 3220, 13 ],
    [ 6098, 17 ]
]

Level of weight 4 newform is [ 14, 2, 1 ]

First coefficient can be obtained from:  [ <14, 3>, <20, 5>, <69, 7>, <56, 11>,
<80, 13>, <74, 17> ]
Second coefficient is  <[ 0, 0, 0, 0, 0, 0 ], [ <15, 5>, <62, 7>, <45, 11>, <67,
13>, <57, 17> ]>


---------------------------------------------------------


Transformation matrix is:
[1 0 0 0 0 0]
[0 0 0 1 0 0]
[0 0 1 0 0 0]
[0 1 0 0 0 0]
[0 0 0 0 1 0]
[0 0 0 0 0 1]

Diagonal matrix is:
[ 1  0  0  0  0  0]
[ 0  1  0  0  0  0]
[ 0  0  1  0  0  0]
[ 0  0  0  1  0  0]
[ 0  0  0  0  1  0]
[ 0  0  0  0  0 -1]



---------------------------------------------------------


Transformation matrix is:
[1 0 0 0 0 0]
[0 0 0 1 0 0]
[0 0 0 0 0 1]
[0 1 0 0 0 0]
[0 0 0 0 1 0]
[0 0 1 0 0 0]

Diagonal matrix is:
[ 1  0  0  0  0  0]
[ 0  1  0  0  0  0]
[ 0  0  1  0  0  0]
[ 0  0  0  1  0  0]
[ 0  0  0  0 -1  0]
[ 0  0  0  0  0 -1]

Point counts are [
    [ 62, 3 ],
    [ 240, 5 ],
    [ 834, 7 ],
    [ 1976, 11 ],
    [ 3220, 13 ],
    [ 6098, 17 ]
]

Good point counts are [
    [ 62, 3 ],
    [ 240, 5 ],
    [ 834, 7 ],
    [ 1976, 11 ],
    [ 3220, 13 ],
    [ 6098, 17 ]
]

Level of weight 4 newform is [ 14, 2, 1 ]

First coefficient can be obtained from:  [ <14, 3>, <20, 5>, <69, 7>, <56, 11>,
<80, 13>, <74, 17> ]
Second coefficient is  <[ 0, 0, 0, 0, 0, 0 ], [ <15, 5>, <62, 7>, <45, 11>, <67,
13>, <57, 17> ]>


---------------------------------------------------------


Transformation matrix is:
[1 0 0 0 0 0]
[0 0 0 0 0 1]
[0 0 1 0 0 0]
[0 0 0 1 0 0]
[0 0 0 0 1 0]
[0 1 0 0 0 0]

Diagonal matrix is:
[ 1  0  0  0  0  0]
[ 0  1  0  0  0  0]
[ 0  0  1  0  0  0]
[ 0  0  0  1  0  0]
[ 0  0  0  0  1  0]
[ 0  0  0  0  0 -1]



---------------------------------------------------------


Transformation matrix is:
[1 0 0 0 0 0]
[0 0 0 0 0 1]
[0 0 0 1 0 0]
[0 0 1 0 0 0]
[0 0 0 0 1 0]
[0 1 0 0 0 0]

Diagonal matrix is:
[ 1  0  0  0  0  0]
[ 0  1  0  0  0  0]
[ 0  0  1  0  0  0]
[ 0  0  0  1  0  0]
[ 0  0  0  0 -1  0]
[ 0  0  0  0  0 -1]

Point counts are [
    [ 62, 3 ],
    [ 240, 5 ],
    [ 834, 7 ],
    [ 1976, 11 ],
    [ 3220, 13 ],
    [ 6098, 17 ]
]

Good point counts are [
    [ 62, 3 ],
    [ 240, 5 ],
    [ 834, 7 ],
    [ 1976, 11 ],
    [ 3220, 13 ],
    [ 6098, 17 ]
]

Level of weight 4 newform is [ 14, 2, 1 ]

First coefficient can be obtained from:  [ <14, 3>, <20, 5>, <69, 7>, <56, 11>,
<80, 13>, <74, 17> ]
Second coefficient is  <[ 0, 0, 0, 0, 0, 0 ], [ <15, 5>, <62, 7>, <45, 11>, <67,
13>, <57, 17> ]>


---------------------------------------------------------


Transformation matrix is:
[0 1 0 0 0 0]
[1 0 0 0 0 0]
[0 0 1 0 0 0]
[0 0 0 1 0 0]
[0 0 0 0 1 0]
[0 0 0 0 0 1]

Diagonal matrix is:
[ 1  0  0  0  0  0]
[ 0  1  0  0  0  0]
[ 0  0  1  0  0  0]
[ 0  0  0  1  0  0]
[ 0  0  0  0  1  0]
[ 0  0  0  0  0 -1]



---------------------------------------------------------


Transformation matrix is:
[0 1 0 0 0 0]
[1 0 0 0 0 0]
[0 0 1 0 0 0]
[0 0 0 0 0 1]
[0 0 0 0 1 0]
[0 0 0 1 0 0]

Diagonal matrix is:
[ 1  0  0  0  0  0]
[ 0  1  0  0  0  0]
[ 0  0  1  0  0  0]
[ 0  0  0  1  0  0]
[ 0  0  0  0 -1  0]
[ 0  0  0  0  0 -1]

Point counts are [
    [ 62, 3 ],
    [ 240, 5 ],
    [ 834, 7 ],
    [ 1976, 11 ],
    [ 3220, 13 ],
    [ 6098, 17 ]
]

Good point counts are [
    [ 62, 3 ],
    [ 240, 5 ],
    [ 834, 7 ],
    [ 1976, 11 ],
    [ 3220, 13 ],
    [ 6098, 17 ]
]

Level of weight 4 newform is [ 14, 2, 1 ]

First coefficient can be obtained from:  [ <14, 3>, <20, 5>, <69, 7>, <56, 11>,
<80, 13>, <74, 17> ]
Second coefficient is  <[ 0, 0, 0, 0, 0, 0 ], [ <15, 5>, <62, 7>, <45, 11>, <67,
13>, <57, 17> ]>


---------------------------------------------------------


Transformation matrix is:
[0 1 0 0 0 0]
[1 0 0 0 0 0]
[0 0 0 1 0 0]
[0 0 1 0 0 0]
[0 0 0 0 1 0]
[0 0 0 0 0 1]

Diagonal matrix is:
[ 1  0  0  0  0  0]
[ 0  1  0  0  0  0]
[ 0  0  1  0  0  0]
[ 0  0  0  1  0  0]
[ 0  0  0  0 -1  0]
[ 0  0  0  0  0 -1]

Point counts are [
    [ 62, 3 ],
    [ 240, 5 ],
    [ 834, 7 ],
    [ 1976, 11 ],
    [ 3220, 13 ],
    [ 6098, 17 ]
]

Good point counts are [
    [ 62, 3 ],
    [ 240, 5 ],
    [ 834, 7 ],
    [ 1976, 11 ],
    [ 3220, 13 ],
    [ 6098, 17 ]
]

Level of weight 4 newform is [ 14, 2, 1 ]

First coefficient can be obtained from:  [ <14, 3>, <20, 5>, <69, 7>, <56, 11>,
<80, 13>, <74, 17> ]
Second coefficient is  <[ 0, 0, 0, 0, 0, 0 ], [ <15, 5>, <62, 7>, <45, 11>, <67,
13>, <57, 17> ]>


---------------------------------------------------------


Transformation matrix is:
[0 1 0 0 0 0]
[1 0 0 0 0 0]
[0 0 0 0 0 1]
[0 0 0 1 0 0]
[0 0 0 0 1 0]
[0 0 1 0 0 0]

Diagonal matrix is:
[ 1  0  0  0  0  0]
[ 0  1  0  0  0  0]
[ 0  0  1  0  0  0]
[ 0  0  0  1  0  0]
[ 0  0  0  0 -1  0]
[ 0  0  0  0  0 -1]

Point counts are [
    [ 62, 3 ],
    [ 240, 5 ],
    [ 834, 7 ],
    [ 1976, 11 ],
    [ 3220, 13 ],
    [ 6098, 17 ]
]

Good point counts are [
    [ 62, 3 ],
    [ 240, 5 ],
    [ 834, 7 ],
    [ 1976, 11 ],
    [ 3220, 13 ],
    [ 6098, 17 ]
]

Level of weight 4 newform is [ 14, 2, 1 ]

First coefficient can be obtained from:  [ <14, 3>, <20, 5>, <69, 7>, <56, 11>,
<80, 13>, <74, 17> ]
Second coefficient is  <[ 0, 0, 0, 0, 0, 0 ], [ <15, 5>, <62, 7>, <45, 11>, <67,
13>, <57, 17> ]>


---------------------------------------------------------


Transformation matrix is:
[0 0 1 0 0 0]
[0 1 0 0 0 0]
[1 0 0 0 0 0]
[0 0 0 1 0 0]
[0 0 0 0 1 0]
[0 0 0 0 0 1]

Diagonal matrix is:
[ 1  0  0  0  0  0]
[ 0  1  0  0  0  0]
[ 0  0  1  0  0  0]
[ 0  0  0  1  0  0]
[ 0  0  0  0  1  0]
[ 0  0  0  0  0 -1]



---------------------------------------------------------


Transformation matrix is:
[0 0 1 0 0 0]
[0 1 0 0 0 0]
[1 0 0 0 0 0]
[0 0 0 0 0 1]
[0 0 0 0 1 0]
[0 0 0 1 0 0]

Diagonal matrix is:
[ 1  0  0  0  0  0]
[ 0  1  0  0  0  0]
[ 0  0  1  0  0  0]
[ 0  0  0  1  0  0]
[ 0  0  0  0 -1  0]
[ 0  0  0  0  0 -1]

Point counts are [
    [ 62, 3 ],
    [ 240, 5 ],
    [ 834, 7 ],
    [ 1976, 11 ],
    [ 3220, 13 ],
    [ 6098, 17 ]
]

Good point counts are [
    [ 62, 3 ],
    [ 240, 5 ],
    [ 834, 7 ],
    [ 1976, 11 ],
    [ 3220, 13 ],
    [ 6098, 17 ]
]

Level of weight 4 newform is [ 14, 2, 1 ]

First coefficient can be obtained from:  [ <14, 3>, <20, 5>, <69, 7>, <56, 11>,
<80, 13>, <74, 17> ]
Second coefficient is  <[ 0, 0, 0, 0, 0, 0 ], [ <15, 5>, <62, 7>, <45, 11>, <67,
13>, <57, 17> ]>


---------------------------------------------------------


Transformation matrix is:
[0 0 1 0 0 0]
[0 0 0 1 0 0]
[1 0 0 0 0 0]
[0 1 0 0 0 0]
[0 0 0 0 1 0]
[0 0 0 0 0 1]

Diagonal matrix is:
[ 1  0  0  0  0  0]
[ 0  1  0  0  0  0]
[ 0  0  1  0  0  0]
[ 0  0  0  1  0  0]
[ 0  0  0  0 -1  0]
[ 0  0  0  0  0 -1]

Point counts are [
    [ 62, 3 ],
    [ 240, 5 ],
    [ 834, 7 ],
    [ 1976, 11 ],
    [ 3220, 13 ],
    [ 6098, 17 ]
]

Good point counts are [
    [ 62, 3 ],
    [ 240, 5 ],
    [ 834, 7 ],
    [ 1976, 11 ],
    [ 3220, 13 ],
    [ 6098, 17 ]
]

Level of weight 4 newform is [ 14, 2, 1 ]

First coefficient can be obtained from:  [ <14, 3>, <20, 5>, <69, 7>, <56, 11>,
<80, 13>, <74, 17> ]
Second coefficient is  <[ 0, 0, 0, 0, 0, 0 ], [ <15, 5>, <62, 7>, <45, 11>, <67,
13>, <57, 17> ]>


---------------------------------------------------------


Transformation matrix is:
[0 0 1 0 0 0]
[0 0 0 0 0 1]
[1 0 0 0 0 0]
[0 0 0 1 0 0]
[0 0 0 0 1 0]
[0 1 0 0 0 0]

Diagonal matrix is:
[ 1  0  0  0  0  0]
[ 0  1  0  0  0  0]
[ 0  0  1  0  0  0]
[ 0  0  0  1  0  0]
[ 0  0  0  0 -1  0]
[ 0  0  0  0  0 -1]

Point counts are [
    [ 62, 3 ],
    [ 240, 5 ],
    [ 834, 7 ],
    [ 1976, 11 ],
    [ 3220, 13 ],
    [ 6098, 17 ]
]

Good point counts are [
    [ 62, 3 ],
    [ 240, 5 ],
    [ 834, 7 ],
    [ 1976, 11 ],
    [ 3220, 13 ],
    [ 6098, 17 ]
]

Level of weight 4 newform is [ 14, 2, 1 ]

First coefficient can be obtained from:  [ <14, 3>, <20, 5>, <69, 7>, <56, 11>,
<80, 13>, <74, 17> ]
Second coefficient is  <[ 0, 0, 0, 0, 0, 0 ], [ <15, 5>, <62, 7>, <45, 11>, <67,
13>, <57, 17> ]>


---------------------------------------------------------


Transformation matrix is:
[0 0 0 1 0 0]
[0 1 0 0 0 0]
[0 0 1 0 0 0]
[1 0 0 0 0 0]
[0 0 0 0 1 0]
[0 0 0 0 0 1]

Diagonal matrix is:
[ 1  0  0  0  0  0]
[ 0  1  0  0  0  0]
[ 0  0  1  0  0  0]
[ 0  0  0  1  0  0]
[ 0  0  0  0  1  0]
[ 0  0  0  0  0 -1]



---------------------------------------------------------


Transformation matrix is:
[0 0 0 1 0 0]
[0 1 0 0 0 0]
[0 0 0 0 0 1]
[1 0 0 0 0 0]
[0 0 0 0 1 0]
[0 0 1 0 0 0]

Diagonal matrix is:
[ 1  0  0  0  0  0]
[ 0  1  0  0  0  0]
[ 0  0  1  0  0  0]
[ 0  0  0  1  0  0]
[ 0  0  0  0 -1  0]
[ 0  0  0  0  0 -1]

Point counts are [
    [ 62, 3 ],
    [ 240, 5 ],
    [ 834, 7 ],
    [ 1976, 11 ],
    [ 3220, 13 ],
    [ 6098, 17 ]
]

Good point counts are [
    [ 62, 3 ],
    [ 240, 5 ],
    [ 834, 7 ],
    [ 1976, 11 ],
    [ 3220, 13 ],
    [ 6098, 17 ]
]

Level of weight 4 newform is [ 14, 2, 1 ]

First coefficient can be obtained from:  [ <14, 3>, <20, 5>, <69, 7>, <56, 11>,
<80, 13>, <74, 17> ]
Second coefficient is  <[ 0, 0, 0, 0, 0, 0 ], [ <15, 5>, <62, 7>, <45, 11>, <67,
13>, <57, 17> ]>


---------------------------------------------------------


Transformation matrix is:
[0 0 0 1 0 0]
[0 0 1 0 0 0]
[0 1 0 0 0 0]
[1 0 0 0 0 0]
[0 0 0 0 1 0]
[0 0 0 0 0 1]

Diagonal matrix is:
[ 1  0  0  0  0  0]
[ 0  1  0  0  0  0]
[ 0  0  1  0  0  0]
[ 0  0  0  1  0  0]
[ 0  0  0  0 -1  0]
[ 0  0  0  0  0 -1]

Point counts are [
    [ 62, 3 ],
    [ 240, 5 ],
    [ 834, 7 ],
    [ 1976, 11 ],
    [ 3220, 13 ],
    [ 6098, 17 ]
]

Good point counts are [
    [ 62, 3 ],
    [ 240, 5 ],
    [ 834, 7 ],
    [ 1976, 11 ],
    [ 3220, 13 ],
    [ 6098, 17 ]
]

Level of weight 4 newform is [ 14, 2, 1 ]

First coefficient can be obtained from:  [ <14, 3>, <20, 5>, <69, 7>, <56, 11>,
<80, 13>, <74, 17> ]
Second coefficient is  <[ 0, 0, 0, 0, 0, 0 ], [ <15, 5>, <62, 7>, <45, 11>, <67,
13>, <57, 17> ]>


---------------------------------------------------------


Transformation matrix is:
[0 0 0 1 0 0]
[0 0 0 0 0 1]
[0 0 1 0 0 0]
[1 0 0 0 0 0]
[0 0 0 0 1 0]
[0 1 0 0 0 0]

Diagonal matrix is:
[ 1  0  0  0  0  0]
[ 0  1  0  0  0  0]
[ 0  0  1  0  0  0]
[ 0  0  0  1  0  0]
[ 0  0  0  0 -1  0]
[ 0  0  0  0  0 -1]

Point counts are [
    [ 62, 3 ],
    [ 240, 5 ],
    [ 834, 7 ],
    [ 1976, 11 ],
    [ 3220, 13 ],
    [ 6098, 17 ]
]

Good point counts are [
    [ 62, 3 ],
    [ 240, 5 ],
    [ 834, 7 ],
    [ 1976, 11 ],
    [ 3220, 13 ],
    [ 6098, 17 ]
]

Level of weight 4 newform is [ 14, 2, 1 ]

First coefficient can be obtained from:  [ <14, 3>, <20, 5>, <69, 7>, <56, 11>,
<80, 13>, <74, 17> ]
Second coefficient is  <[ 0, 0, 0, 0, 0, 0 ], [ <15, 5>, <62, 7>, <45, 11>, <67,
13>, <57, 17> ]>


---------------------------------------------------------


Transformation matrix is:
[0 0 0 0 0 1]
[0 1 0 0 0 0]
[0 0 1 0 0 0]
[0 0 0 1 0 0]
[0 0 0 0 1 0]
[1 0 0 0 0 0]

Diagonal matrix is:
[ 1  0  0  0  0  0]
[ 0  1  0  0  0  0]
[ 0  0  1  0  0  0]
[ 0  0  0  1  0  0]
[ 0  0  0  0  1  0]
[ 0  0  0  0  0 -1]



---------------------------------------------------------


Transformation matrix is:
[0 0 0 0 0 1]
[0 1 0 0 0 0]
[0 0 0 1 0 0]
[0 0 1 0 0 0]
[0 0 0 0 1 0]
[1 0 0 0 0 0]

Diagonal matrix is:
[ 1  0  0  0  0  0]
[ 0  1  0  0  0  0]
[ 0  0  1  0  0  0]
[ 0  0  0  1  0  0]
[ 0  0  0  0 -1  0]
[ 0  0  0  0  0 -1]

Point counts are [
    [ 62, 3 ],
    [ 240, 5 ],
    [ 834, 7 ],
    [ 1976, 11 ],
    [ 3220, 13 ],
    [ 6098, 17 ]
]

Good point counts are [
    [ 62, 3 ],
    [ 240, 5 ],
    [ 834, 7 ],
    [ 1976, 11 ],
    [ 3220, 13 ],
    [ 6098, 17 ]
]

Level of weight 4 newform is [ 14, 2, 1 ]

First coefficient can be obtained from:  [ <14, 3>, <20, 5>, <69, 7>, <56, 11>,
<80, 13>, <74, 17> ]
Second coefficient is  <[ 0, 0, 0, 0, 0, 0 ], [ <15, 5>, <62, 7>, <45, 11>, <67,
13>, <57, 17> ]>


---------------------------------------------------------


Transformation matrix is:
[0 0 0 0 0 1]
[0 0 1 0 0 0]
[0 1 0 0 0 0]
[0 0 0 1 0 0]
[0 0 0 0 1 0]
[1 0 0 0 0 0]

Diagonal matrix is:
[ 1  0  0  0  0  0]
[ 0  1  0  0  0  0]
[ 0  0  1  0  0  0]
[ 0  0  0  1  0  0]
[ 0  0  0  0 -1  0]
[ 0  0  0  0  0 -1]

Point counts are [
    [ 62, 3 ],
    [ 240, 5 ],
    [ 834, 7 ],
    [ 1976, 11 ],
    [ 3220, 13 ],
    [ 6098, 17 ]
]

Good point counts are [
    [ 62, 3 ],
    [ 240, 5 ],
    [ 834, 7 ],
    [ 1976, 11 ],
    [ 3220, 13 ],
    [ 6098, 17 ]
]

Level of weight 4 newform is [ 14, 2, 1 ]

First coefficient can be obtained from:  [ <14, 3>, <20, 5>, <69, 7>, <56, 11>,
<80, 13>, <74, 17> ]
Second coefficient is  <[ 0, 0, 0, 0, 0, 0 ], [ <15, 5>, <62, 7>, <45, 11>, <67,
13>, <57, 17> ]>


---------------------------------------------------------


Transformation matrix is:
[0 0 0 0 0 1]
[0 0 0 1 0 0]
[0 0 1 0 0 0]
[0 1 0 0 0 0]
[0 0 0 0 1 0]
[1 0 0 0 0 0]

Diagonal matrix is:
[ 1  0  0  0  0  0]
[ 0  1  0  0  0  0]
[ 0  0  1  0  0  0]
[ 0  0  0  1  0  0]
[ 0  0  0  0 -1  0]
[ 0  0  0  0  0 -1]

Point counts are [
    [ 62, 3 ],
    [ 240, 5 ],
    [ 834, 7 ],
    [ 1976, 11 ],
    [ 3220, 13 ],
    [ 6098, 17 ]
]

Good point counts are [
    [ 62, 3 ],
    [ 240, 5 ],
    [ 834, 7 ],
    [ 1976, 11 ],
    [ 3220, 13 ],
    [ 6098, 17 ]
]

Level of weight 4 newform is [ 14, 2, 1 ]

First coefficient can be obtained from:  [ <14, 3>, <20, 5>, <69, 7>, <56, 11>,
<80, 13>, <74, 17> ]
Second coefficient is  <[ 0, 0, 0, 0, 0, 0 ], [ <15, 5>, <62, 7>, <45, 11>, <67,
13>, <57, 17> ]>


---------------------------------------------------------
