Transformation matrix is:
[1 0 0 0 0 0]
[0 1 0 0 0 0]
[0 0 1 0 0 0]
[0 0 0 1 0 0]
[0 0 0 0 1 0]
[0 0 0 0 0 1]

Diagonal matrix is:
[1 0 0 0 0 0]
[0 1 0 0 0 0]
[0 0 1 0 0 0]
[0 0 0 1 0 0]
[0 0 0 0 1 0]
[0 0 0 0 0 1]

Point counts are [
    [ 106, 3 ],
    [ 306, 5 ],
    [ 729, 7 ],
    [ 2404, 11 ],
    [ 3714, 13 ],
    [ 7666, 17 ]
]

Good point counts are [
    [ 106, 3 ],
    [ 306, 5 ],
    [ 729, 7 ],
    [ 2404, 11 ],
    [ 3714, 13 ],
    [ 7666, 17 ]
]

Level of weight 4 newform is [ 210, 7, 1 ]

First coefficient can be obtained from:  [ <27, 3>, <35, 5>, <54, 7>, <100, 11>,
<110, 13>, <158, 17> ]
Second coefficient is  <[ 0, 0, 0, 0, 0, 0 ], [ <30, 5>, <47, 7>, <89, 11>, <97,
13>, <141, 17> ]>


---------------------------------------------------------


Transformation matrix is:
[1 0 0 0 0 0]
[0 1 0 0 0 0]
[0 0 1 0 0 0]
[0 0 0 0 0 1]
[0 0 0 0 1 0]
[0 0 0 1 0 0]

Diagonal matrix is:
[ 1  0  0  0  0  0]
[ 0  1  0  0  0  0]
[ 0  0  1  0  0  0]
[ 0  0  0  1  0  0]
[ 0  0  0  0  1  0]
[ 0  0  0  0  0 -1]



---------------------------------------------------------


Transformation matrix is:
[1 0 0 0 0 0]
[0 1 0 0 0 0]
[0 0 0 1 0 0]
[0 0 1 0 0 0]
[0 0 0 0 1 0]
[0 0 0 0 0 1]

Diagonal matrix is:
[ 1  0  0  0  0  0]
[ 0  1  0  0  0  0]
[ 0  0  1  0  0  0]
[ 0  0  0  1  0  0]
[ 0  0  0  0  1  0]
[ 0  0  0  0  0 -1]



---------------------------------------------------------


Transformation matrix is:
[1 0 0 0 0 0]
[0 1 0 0 0 0]
[0 0 0 0 0 1]
[0 0 0 1 0 0]
[0 0 0 0 1 0]
[0 0 1 0 0 0]

Diagonal matrix is:
[ 1  0  0  0  0  0]
[ 0  1  0  0  0  0]
[ 0  0  1  0  0  0]
[ 0  0  0  1  0  0]
[ 0  0  0  0  1  0]
[ 0  0  0  0  0 -1]



---------------------------------------------------------


Transformation matrix is:
[0 1 0 0 0 0]
[1 0 0 0 0 0]
[0 0 1 0 0 0]
[0 0 0 1 0 0]
[0 0 0 0 1 0]
[0 0 0 0 0 1]

Diagonal matrix is:
[ 1  0  0  0  0  0]
[ 0  1  0  0  0  0]
[ 0  0  1  0  0  0]
[ 0  0  0  1  0  0]
[ 0  0  0  0  1  0]
[ 0  0  0  0  0 -1]



---------------------------------------------------------


Transformation matrix is:
[0 1 0 0 0 0]
[1 0 0 0 0 0]
[0 0 1 0 0 0]
[0 0 0 0 0 1]
[0 0 0 0 1 0]
[0 0 0 1 0 0]

Diagonal matrix is:
[ 1  0  0  0  0  0]
[ 0  1  0  0  0  0]
[ 0  0  1  0  0  0]
[ 0  0  0  1  0  0]
[ 0  0  0  0 -1  0]
[ 0  0  0  0  0 -1]

Point counts are [
    [ 97, 3 ],
    [ 246, 5 ],
    [ 603, 7 ],
    [ 1975, 11 ],
    [ 3155, 13 ],
    [ 6561, 17 ]
]

Good point counts are [
    [ 97, 3 ],
    [ 246, 5 ],
    [ 603, 7 ],
    [ 1975, 11 ],
    [ 3155, 13 ],
    [ 6561, 17 ]
]

Level of weight 4 newform is [ 210, 7, 1 ]

First coefficient can be obtained from:  [ <24, 3>, <23, 5>, <36, 7>, <61, 11>,
<67, 13>, <93, 17> ]
Second coefficient is  <[ 0, 0, 0, 0, 0, 0 ], [ <18, 5>, <29, 7>, <50, 11>, <54,
13>, <76, 17> ]>


---------------------------------------------------------


Transformation matrix is:
[0 1 0 0 0 0]
[1 0 0 0 0 0]
[0 0 0 1 0 0]
[0 0 1 0 0 0]
[0 0 0 0 1 0]
[0 0 0 0 0 1]

Diagonal matrix is:
[ 1  0  0  0  0  0]
[ 0  1  0  0  0  0]
[ 0  0  1  0  0  0]
[ 0  0  0  1  0  0]
[ 0  0  0  0 -1  0]
[ 0  0  0  0  0 -1]

Point counts are [
    [ 97, 3 ],
    [ 246, 5 ],
    [ 603, 7 ],
    [ 1975, 11 ],
    [ 3155, 13 ],
    [ 6561, 17 ]
]

Good point counts are [
    [ 97, 3 ],
    [ 246, 5 ],
    [ 603, 7 ],
    [ 1975, 11 ],
    [ 3155, 13 ],
    [ 6561, 17 ]
]

Level of weight 4 newform is [ 210, 7, 1 ]

First coefficient can be obtained from:  [ <24, 3>, <23, 5>, <36, 7>, <61, 11>,
<67, 13>, <93, 17> ]
Second coefficient is  <[ 0, 0, 0, 0, 0, 0 ], [ <18, 5>, <29, 7>, <50, 11>, <54,
13>, <76, 17> ]>


---------------------------------------------------------


Transformation matrix is:
[0 1 0 0 0 0]
[1 0 0 0 0 0]
[0 0 0 0 0 1]
[0 0 0 1 0 0]
[0 0 0 0 1 0]
[0 0 1 0 0 0]

Diagonal matrix is:
[ 1  0  0  0  0  0]
[ 0  1  0  0  0  0]
[ 0  0  1  0  0  0]
[ 0  0  0  1  0  0]
[ 0  0  0  0 -1  0]
[ 0  0  0  0  0 -1]

Point counts are [
    [ 97, 3 ],
    [ 246, 5 ],
    [ 603, 7 ],
    [ 1975, 11 ],
    [ 3155, 13 ],
    [ 6561, 17 ]
]

Good point counts are [
    [ 97, 3 ],
    [ 246, 5 ],
    [ 603, 7 ],
    [ 1975, 11 ],
    [ 3155, 13 ],
    [ 6561, 17 ]
]

Level of weight 4 newform is [ 210, 7, 1 ]

First coefficient can be obtained from:  [ <24, 3>, <23, 5>, <36, 7>, <61, 11>,
<67, 13>, <93, 17> ]
Second coefficient is  <[ 0, 0, 0, 0, 0, 0 ], [ <18, 5>, <29, 7>, <50, 11>, <54,
13>, <76, 17> ]>


---------------------------------------------------------
