Transformation matrix is:
[1 0 0 0 0 0]
[0 1 0 0 0 0]
[0 0 1 0 0 0]
[0 0 0 1 0 0]
[0 0 0 0 1 0]
[0 0 0 0 0 1]

Diagonal matrix is:
[1 0 0 0 0 0]
[0 1 0 0 0 0]
[0 0 1 0 0 0]
[0 0 0 1 0 0]
[0 0 0 0 1 0]
[0 0 0 0 0 1]

Point counts are [
    [ 85, 3 ],
    [ 306, 5 ],
    [ 729, 7 ],
    [ 2335, 11 ],
    [ 3633, 13 ],
    [ 7447, 17 ]
]

Good point counts are [
    [ 85, 3 ],
    [ 306, 5 ],
    [ 729, 7 ],
    [ 2335, 11 ],
    [ 3633, 13 ],
    [ 7447, 17 ]
]

Level of weight 4 newform is [ 60, 2, 1 ]

First coefficient can be obtained from:  [ <18, 3>, <35, 5>, <51, 7>, <89, 11>,
<105, 13>, <155, 17> ]
Second coefficient is  <[ 0, 0, 0, 0, 0, 0 ], [ <30, 5>, <44, 7>, <78, 11>, <92,
13>, <138, 17> ]>


---------------------------------------------------------


Transformation matrix is:
[1 0 0 0 0 0]
[0 1 0 0 0 0]
[0 0 1 0 0 0]
[0 0 0 0 0 1]
[0 0 0 0 1 0]
[0 0 0 1 0 0]

Diagonal matrix is:
[ 1  0  0  0  0  0]
[ 0  1  0  0  0  0]
[ 0  0  1  0  0  0]
[ 0  0  0  1  0  0]
[ 0  0  0  0  1  0]
[ 0  0  0  0  0 -1]



---------------------------------------------------------


Transformation matrix is:
[1 0 0 0 0 0]
[0 0 1 0 0 0]
[0 1 0 0 0 0]
[0 0 0 1 0 0]
[0 0 0 0 1 0]
[0 0 0 0 0 1]

Diagonal matrix is:
[ 1  0  0  0  0  0]
[ 0  1  0  0  0  0]
[ 0  0  1  0  0  0]
[ 0  0  0  1  0  0]
[ 0  0  0  0  1  0]
[ 0  0  0  0  0 -1]



---------------------------------------------------------


Transformation matrix is:
[1 0 0 0 0 0]
[0 0 1 0 0 0]
[0 1 0 0 0 0]
[0 0 0 0 0 1]
[0 0 0 0 1 0]
[0 0 0 1 0 0]

Diagonal matrix is:
[ 1  0  0  0  0  0]
[ 0  1  0  0  0  0]
[ 0  0  1  0  0  0]
[ 0  0  0  1  0  0]
[ 0  0  0  0 -1  0]
[ 0  0  0  0  0 -1]

Point counts are [
    [ 79, 3 ],
    [ 246, 5 ],
    [ 603, 7 ],
    [ 1961, 11 ],
    [ 3113, 13 ],
    [ 6427, 17 ]
]

Good point counts are [
    [ 79, 3 ],
    [ 246, 5 ],
    [ 603, 7 ],
    [ 1961, 11 ],
    [ 3113, 13 ],
    [ 6427, 17 ]
]

Level of weight 4 newform is [ 60, 2, 1 ]

First coefficient can be obtained from:  [ <16, 3>, <23, 5>, <33, 7>, <55, 11>,
<65, 13>, <95, 17> ]
Second coefficient is  <[ 0, 0, 0, 0, 0, 0 ], [ <18, 5>, <26, 7>, <44, 11>, <52,
13>, <78, 17> ]>


---------------------------------------------------------


Transformation matrix is:
[0 1 0 0 0 0]
[1 0 0 0 0 0]
[0 0 1 0 0 0]
[0 0 0 1 0 0]
[0 0 0 0 1 0]
[0 0 0 0 0 1]

Diagonal matrix is:
[ 1  0  0  0  0  0]
[ 0  1  0  0  0  0]
[ 0  0  1  0  0  0]
[ 0  0  0  1  0  0]
[ 0  0  0  0  1  0]
[ 0  0  0  0  0 -1]



---------------------------------------------------------


Transformation matrix is:
[0 1 0 0 0 0]
[1 0 0 0 0 0]
[0 0 1 0 0 0]
[0 0 0 0 0 1]
[0 0 0 0 1 0]
[0 0 0 1 0 0]

Diagonal matrix is:
[ 1  0  0  0  0  0]
[ 0  1  0  0  0  0]
[ 0  0  1  0  0  0]
[ 0  0  0  1  0  0]
[ 0  0  0  0 -1  0]
[ 0  0  0  0  0 -1]

Point counts are [
    [ 79, 3 ],
    [ 246, 5 ],
    [ 603, 7 ],
    [ 1961, 11 ],
    [ 3113, 13 ],
    [ 6427, 17 ]
]

Good point counts are [
    [ 79, 3 ],
    [ 246, 5 ],
    [ 603, 7 ],
    [ 1961, 11 ],
    [ 3113, 13 ],
    [ 6427, 17 ]
]

Level of weight 4 newform is [ 60, 2, 1 ]

First coefficient can be obtained from:  [ <16, 3>, <23, 5>, <33, 7>, <55, 11>,
<65, 13>, <95, 17> ]
Second coefficient is  <[ 0, 0, 0, 0, 0, 0 ], [ <18, 5>, <26, 7>, <44, 11>, <52,
13>, <78, 17> ]>


---------------------------------------------------------


Transformation matrix is:
[0 0 1 0 0 0]
[0 1 0 0 0 0]
[1 0 0 0 0 0]
[0 0 0 1 0 0]
[0 0 0 0 1 0]
[0 0 0 0 0 1]

Diagonal matrix is:
[ 1  0  0  0  0  0]
[ 0  1  0  0  0  0]
[ 0  0  1  0  0  0]
[ 0  0  0  1  0  0]
[ 0  0  0  0  1  0]
[ 0  0  0  0  0 -1]



---------------------------------------------------------


Transformation matrix is:
[0 0 1 0 0 0]
[0 1 0 0 0 0]
[1 0 0 0 0 0]
[0 0 0 0 0 1]
[0 0 0 0 1 0]
[0 0 0 1 0 0]

Diagonal matrix is:
[ 1  0  0  0  0  0]
[ 0  1  0  0  0  0]
[ 0  0  1  0  0  0]
[ 0  0  0  1  0  0]
[ 0  0  0  0 -1  0]
[ 0  0  0  0  0 -1]

Point counts are [
    [ 79, 3 ],
    [ 246, 5 ],
    [ 603, 7 ],
    [ 1961, 11 ],
    [ 3113, 13 ],
    [ 6427, 17 ]
]

Good point counts are [
    [ 79, 3 ],
    [ 246, 5 ],
    [ 603, 7 ],
    [ 1961, 11 ],
    [ 3113, 13 ],
    [ 6427, 17 ]
]

Level of weight 4 newform is [ 60, 2, 1 ]

First coefficient can be obtained from:  [ <16, 3>, <23, 5>, <33, 7>, <55, 11>,
<65, 13>, <95, 17> ]
Second coefficient is  <[ 0, 0, 0, 0, 0, 0 ], [ <18, 5>, <26, 7>, <44, 11>, <52,
13>, <78, 17> ]>


---------------------------------------------------------
