Transformation matrix is:
[1 0 0 0 0 0]
[0 1 0 0 0 0]
[0 0 1 0 0 0]
[0 0 0 1 0 0]
[0 0 0 0 1 0]
[0 0 0 0 0 1]

Diagonal matrix is:
[1 0 0 0 0 0]
[0 1 0 0 0 0]
[0 0 1 0 0 0]
[0 0 0 1 0 0]
[0 0 0 0 1 0]
[0 0 0 0 0 1]

Point counts are [
    [ 97, 3 ],
    [ 306, 5 ],
    [ 733, 7 ],
    [ 2367, 11 ],
    [ 3595, 13 ],
    [ 7377, 17 ]
]

Good point counts are [
    [ 97, 3 ],
    [ 306, 5 ],
    [ 733, 7 ],
    [ 2367, 11 ],
    [ 3595, 13 ],
    [ 7377, 17 ]
]

Level of weight 4 newform is [ 90, 4, 1 ]

First coefficient can be obtained from:  [ <23, 3>, <35, 5>, <55, 7>, <93, 11>,
<103, 13>, <141, 17> ]
Second coefficient is  <[ 0, 0, 0, 0, 0, 0 ], [ <30, 5>, <48, 7>, <82, 11>, <90,
13>, <124, 17> ]>


---------------------------------------------------------


Transformation matrix is:
[1 0 0 0 0 0]
[0 1 0 0 0 0]
[0 0 1 0 0 0]
[0 0 0 1 0 0]
[0 0 0 0 0 1]
[0 0 0 0 1 0]

Diagonal matrix is:
[ 1  0  0  0  0  0]
[ 0  1  0  0  0  0]
[ 0  0  1  0  0  0]
[ 0  0  0  1  0  0]
[ 0  0  0  0  1  0]
[ 0  0  0  0  0 -1]



---------------------------------------------------------


Transformation matrix is:
[1 0 0 0 0 0]
[0 1 0 0 0 0]
[0 0 1 0 0 0]
[0 0 0 0 1 0]
[0 0 0 1 0 0]
[0 0 0 0 0 1]

Diagonal matrix is:
[ 1  0  0  0  0  0]
[ 0  1  0  0  0  0]
[ 0  0  1  0  0  0]
[ 0  0  0  1  0  0]
[ 0  0  0  0  1  0]
[ 0  0  0  0  0 -1]



---------------------------------------------------------


Transformation matrix is:
[1 0 0 0 0 0]
[0 1 0 0 0 0]
[0 0 1 0 0 0]
[0 0 0 0 0 1]
[0 0 0 0 1 0]
[0 0 0 1 0 0]

Diagonal matrix is:
[ 1  0  0  0  0  0]
[ 0  1  0  0  0  0]
[ 0  0  1  0  0  0]
[ 0  0  0  1  0  0]
[ 0  0  0  0  1  0]
[ 0  0  0  0  0 -1]



---------------------------------------------------------


Transformation matrix is:
[1 0 0 0 0 0]
[0 0 1 0 0 0]
[0 1 0 0 0 0]
[0 0 0 1 0 0]
[0 0 0 0 1 0]
[0 0 0 0 0 1]

Diagonal matrix is:
[ 1  0  0  0  0  0]
[ 0  1  0  0  0  0]
[ 0  0  1  0  0  0]
[ 0  0  0  1  0  0]
[ 0  0  0  0  1  0]
[ 0  0  0  0  0 -1]



---------------------------------------------------------


Transformation matrix is:
[1 0 0 0 0 0]
[0 0 1 0 0 0]
[0 1 0 0 0 0]
[0 0 0 1 0 0]
[0 0 0 0 0 1]
[0 0 0 0 1 0]

Diagonal matrix is:
[ 1  0  0  0  0  0]
[ 0  1  0  0  0  0]
[ 0  0  1  0  0  0]
[ 0  0  0  1  0  0]
[ 0  0  0  0 -1  0]
[ 0  0  0  0  0 -1]

Point counts are [
    [ 85, 3 ],
    [ 246, 5 ],
    [ 586, 7 ],
    [ 1982, 11 ],
    [ 3088, 13 ],
    [ 6476, 17 ]
]

Good point counts are [
    [ 85, 3 ],
    [ 246, 5 ],
    [ 586, 7 ],
    [ 1982, 11 ],
    [ 3088, 13 ],
    [ 6476, 17 ]
]

Level of weight 4 newform is [ 90, 4, 1 ]

First coefficient can be obtained from:  [ <19, 3>, <23, 5>, <34, 7>, <58, 11>,
<64, 13>, <88, 17> ]
Second coefficient is  <[ 0, 0, 0, 0, 0, 0 ], [ <18, 5>, <27, 7>, <47, 11>, <51,
13>, <71, 17> ]>


---------------------------------------------------------


Transformation matrix is:
[1 0 0 0 0 0]
[0 0 1 0 0 0]
[0 1 0 0 0 0]
[0 0 0 0 1 0]
[0 0 0 1 0 0]
[0 0 0 0 0 1]

Diagonal matrix is:
[ 1  0  0  0  0  0]
[ 0  1  0  0  0  0]
[ 0  0  1  0  0  0]
[ 0  0  0  1  0  0]
[ 0  0  0  0 -1  0]
[ 0  0  0  0  0 -1]

Point counts are [
    [ 85, 3 ],
    [ 246, 5 ],
    [ 586, 7 ],
    [ 1982, 11 ],
    [ 3088, 13 ],
    [ 6476, 17 ]
]

Good point counts are [
    [ 85, 3 ],
    [ 246, 5 ],
    [ 586, 7 ],
    [ 1982, 11 ],
    [ 3088, 13 ],
    [ 6476, 17 ]
]

Level of weight 4 newform is [ 90, 4, 1 ]

First coefficient can be obtained from:  [ <19, 3>, <23, 5>, <34, 7>, <58, 11>,
<64, 13>, <88, 17> ]
Second coefficient is  <[ 0, 0, 0, 0, 0, 0 ], [ <18, 5>, <27, 7>, <47, 11>, <51,
13>, <71, 17> ]>


---------------------------------------------------------


Transformation matrix is:
[1 0 0 0 0 0]
[0 0 1 0 0 0]
[0 1 0 0 0 0]
[0 0 0 0 0 1]
[0 0 0 0 1 0]
[0 0 0 1 0 0]

Diagonal matrix is:
[ 1  0  0  0  0  0]
[ 0  1  0  0  0  0]
[ 0  0  1  0  0  0]
[ 0  0  0  1  0  0]
[ 0  0  0  0 -1  0]
[ 0  0  0  0  0 -1]

Point counts are [
    [ 85, 3 ],
    [ 246, 5 ],
    [ 586, 7 ],
    [ 1982, 11 ],
    [ 3088, 13 ],
    [ 6476, 17 ]
]

Good point counts are [
    [ 85, 3 ],
    [ 246, 5 ],
    [ 586, 7 ],
    [ 1982, 11 ],
    [ 3088, 13 ],
    [ 6476, 17 ]
]

Level of weight 4 newform is [ 90, 4, 1 ]

First coefficient can be obtained from:  [ <19, 3>, <23, 5>, <34, 7>, <58, 11>,
<64, 13>, <88, 17> ]
Second coefficient is  <[ 0, 0, 0, 0, 0, 0 ], [ <18, 5>, <27, 7>, <47, 11>, <51,
13>, <71, 17> ]>


---------------------------------------------------------


Transformation matrix is:
[0 1 0 0 0 0]
[1 0 0 0 0 0]
[0 0 1 0 0 0]
[0 0 0 1 0 0]
[0 0 0 0 1 0]
[0 0 0 0 0 1]

Diagonal matrix is:
[ 1  0  0  0  0  0]
[ 0  1  0  0  0  0]
[ 0  0  1  0  0  0]
[ 0  0  0  1  0  0]
[ 0  0  0  0  1  0]
[ 0  0  0  0  0 -1]



---------------------------------------------------------


Transformation matrix is:
[0 1 0 0 0 0]
[1 0 0 0 0 0]
[0 0 1 0 0 0]
[0 0 0 1 0 0]
[0 0 0 0 0 1]
[0 0 0 0 1 0]

Diagonal matrix is:
[ 1  0  0  0  0  0]
[ 0  1  0  0  0  0]
[ 0  0  1  0  0  0]
[ 0  0  0  1  0  0]
[ 0  0  0  0 -1  0]
[ 0  0  0  0  0 -1]

Point counts are [
    [ 85, 3 ],
    [ 246, 5 ],
    [ 586, 7 ],
    [ 1982, 11 ],
    [ 3088, 13 ],
    [ 6476, 17 ]
]

Good point counts are [
    [ 85, 3 ],
    [ 246, 5 ],
    [ 586, 7 ],
    [ 1982, 11 ],
    [ 3088, 13 ],
    [ 6476, 17 ]
]

Level of weight 4 newform is [ 90, 4, 1 ]

First coefficient can be obtained from:  [ <19, 3>, <23, 5>, <34, 7>, <58, 11>,
<64, 13>, <88, 17> ]
Second coefficient is  <[ 0, 0, 0, 0, 0, 0 ], [ <18, 5>, <27, 7>, <47, 11>, <51,
13>, <71, 17> ]>


---------------------------------------------------------


Transformation matrix is:
[0 1 0 0 0 0]
[1 0 0 0 0 0]
[0 0 1 0 0 0]
[0 0 0 0 1 0]
[0 0 0 1 0 0]
[0 0 0 0 0 1]

Diagonal matrix is:
[ 1  0  0  0  0  0]
[ 0  1  0  0  0  0]
[ 0  0  1  0  0  0]
[ 0  0  0  1  0  0]
[ 0  0  0  0 -1  0]
[ 0  0  0  0  0 -1]

Point counts are [
    [ 85, 3 ],
    [ 246, 5 ],
    [ 586, 7 ],
    [ 1982, 11 ],
    [ 3088, 13 ],
    [ 6476, 17 ]
]

Good point counts are [
    [ 85, 3 ],
    [ 246, 5 ],
    [ 586, 7 ],
    [ 1982, 11 ],
    [ 3088, 13 ],
    [ 6476, 17 ]
]

Level of weight 4 newform is [ 90, 4, 1 ]

First coefficient can be obtained from:  [ <19, 3>, <23, 5>, <34, 7>, <58, 11>,
<64, 13>, <88, 17> ]
Second coefficient is  <[ 0, 0, 0, 0, 0, 0 ], [ <18, 5>, <27, 7>, <47, 11>, <51,
13>, <71, 17> ]>


---------------------------------------------------------


Transformation matrix is:
[0 1 0 0 0 0]
[1 0 0 0 0 0]
[0 0 1 0 0 0]
[0 0 0 0 0 1]
[0 0 0 0 1 0]
[0 0 0 1 0 0]

Diagonal matrix is:
[ 1  0  0  0  0  0]
[ 0  1  0  0  0  0]
[ 0  0  1  0  0  0]
[ 0  0  0  1  0  0]
[ 0  0  0  0 -1  0]
[ 0  0  0  0  0 -1]

Point counts are [
    [ 85, 3 ],
    [ 246, 5 ],
    [ 586, 7 ],
    [ 1982, 11 ],
    [ 3088, 13 ],
    [ 6476, 17 ]
]

Good point counts are [
    [ 85, 3 ],
    [ 246, 5 ],
    [ 586, 7 ],
    [ 1982, 11 ],
    [ 3088, 13 ],
    [ 6476, 17 ]
]

Level of weight 4 newform is [ 90, 4, 1 ]

First coefficient can be obtained from:  [ <19, 3>, <23, 5>, <34, 7>, <58, 11>,
<64, 13>, <88, 17> ]
Second coefficient is  <[ 0, 0, 0, 0, 0, 0 ], [ <18, 5>, <27, 7>, <47, 11>, <51,
13>, <71, 17> ]>


---------------------------------------------------------


Transformation matrix is:
[0 0 1 0 0 0]
[0 1 0 0 0 0]
[1 0 0 0 0 0]
[0 0 0 1 0 0]
[0 0 0 0 1 0]
[0 0 0 0 0 1]

Diagonal matrix is:
[ 1  0  0  0  0  0]
[ 0  1  0  0  0  0]
[ 0  0  1  0  0  0]
[ 0  0  0  1  0  0]
[ 0  0  0  0  1  0]
[ 0  0  0  0  0 -1]



---------------------------------------------------------


Transformation matrix is:
[0 0 1 0 0 0]
[0 1 0 0 0 0]
[1 0 0 0 0 0]
[0 0 0 1 0 0]
[0 0 0 0 0 1]
[0 0 0 0 1 0]

Diagonal matrix is:
[ 1  0  0  0  0  0]
[ 0  1  0  0  0  0]
[ 0  0  1  0  0  0]
[ 0  0  0  1  0  0]
[ 0  0  0  0 -1  0]
[ 0  0  0  0  0 -1]

Point counts are [
    [ 85, 3 ],
    [ 246, 5 ],
    [ 586, 7 ],
    [ 1982, 11 ],
    [ 3088, 13 ],
    [ 6476, 17 ]
]

Good point counts are [
    [ 85, 3 ],
    [ 246, 5 ],
    [ 586, 7 ],
    [ 1982, 11 ],
    [ 3088, 13 ],
    [ 6476, 17 ]
]

Level of weight 4 newform is [ 90, 4, 1 ]

First coefficient can be obtained from:  [ <19, 3>, <23, 5>, <34, 7>, <58, 11>,
<64, 13>, <88, 17> ]
Second coefficient is  <[ 0, 0, 0, 0, 0, 0 ], [ <18, 5>, <27, 7>, <47, 11>, <51,
13>, <71, 17> ]>


---------------------------------------------------------


Transformation matrix is:
[0 0 1 0 0 0]
[0 1 0 0 0 0]
[1 0 0 0 0 0]
[0 0 0 0 1 0]
[0 0 0 1 0 0]
[0 0 0 0 0 1]

Diagonal matrix is:
[ 1  0  0  0  0  0]
[ 0  1  0  0  0  0]
[ 0  0  1  0  0  0]
[ 0  0  0  1  0  0]
[ 0  0  0  0 -1  0]
[ 0  0  0  0  0 -1]

Point counts are [
    [ 85, 3 ],
    [ 246, 5 ],
    [ 586, 7 ],
    [ 1982, 11 ],
    [ 3088, 13 ],
    [ 6476, 17 ]
]

Good point counts are [
    [ 85, 3 ],
    [ 246, 5 ],
    [ 586, 7 ],
    [ 1982, 11 ],
    [ 3088, 13 ],
    [ 6476, 17 ]
]

Level of weight 4 newform is [ 90, 4, 1 ]

First coefficient can be obtained from:  [ <19, 3>, <23, 5>, <34, 7>, <58, 11>,
<64, 13>, <88, 17> ]
Second coefficient is  <[ 0, 0, 0, 0, 0, 0 ], [ <18, 5>, <27, 7>, <47, 11>, <51,
13>, <71, 17> ]>


---------------------------------------------------------


Transformation matrix is:
[0 0 1 0 0 0]
[0 1 0 0 0 0]
[1 0 0 0 0 0]
[0 0 0 0 0 1]
[0 0 0 0 1 0]
[0 0 0 1 0 0]

Diagonal matrix is:
[ 1  0  0  0  0  0]
[ 0  1  0  0  0  0]
[ 0  0  1  0  0  0]
[ 0  0  0  1  0  0]
[ 0  0  0  0 -1  0]
[ 0  0  0  0  0 -1]

Point counts are [
    [ 85, 3 ],
    [ 246, 5 ],
    [ 586, 7 ],
    [ 1982, 11 ],
    [ 3088, 13 ],
    [ 6476, 17 ]
]

Good point counts are [
    [ 85, 3 ],
    [ 246, 5 ],
    [ 586, 7 ],
    [ 1982, 11 ],
    [ 3088, 13 ],
    [ 6476, 17 ]
]

Level of weight 4 newform is [ 90, 4, 1 ]

First coefficient can be obtained from:  [ <19, 3>, <23, 5>, <34, 7>, <58, 11>,
<64, 13>, <88, 17> ]
Second coefficient is  <[ 0, 0, 0, 0, 0, 0 ], [ <18, 5>, <27, 7>, <47, 11>, <51,
13>, <71, 17> ]>


---------------------------------------------------------
