Transformation matrix is:
[1 0 0 0 0 0]
[0 1 0 0 0 0]
[0 0 1 0 0 0]
[0 0 0 1 0 0]
[0 0 0 0 1 0]
[0 0 0 0 0 1]

Diagonal matrix is:
[1 0 0 0 0 0]
[0 1 0 0 0 0]
[0 0 1 0 0 0]
[0 0 0 1 0 0]
[0 0 0 0 1 0]
[0 0 0 0 0 1]

Point counts are [
    [ 70, 3 ],
    [ 256, 5 ],
    [ 1584, 7 ],
    [ 2014, 11 ],
    [ 7416, 13 ],
    [ 6580, 17 ]
]

Good point counts are [
    [ 70, 3 ],
    [ 256, 5 ],
    [ 1584, 7 ],
    [ 2014, 11 ],
    [ 7416, 13 ],
    [ 6580, 17 ]
]

Level of weight 4 newform is [ 9, 1, 1 ]

First coefficient can be obtained from:  [ <14, 3>, <26, 5>, <180, 7>, <62, 11>,
<396, 13>, <98, 17> ]
Second coefficient is  <[ 0, 0, 0, 0, 0, 0 ], [ <21, 5>, <173, 7>, <51, 11>,
<383, 13>, <81, 17> ]>


---------------------------------------------------------


Transformation matrix is:
[1 0 0 0 0 0]
[0 1 0 0 0 0]
[0 0 1 0 0 0]
[0 0 0 1 0 0]
[0 0 0 0 0 1]
[0 0 0 0 1 0]

Diagonal matrix is:
[ 1  0  0  0  0  0]
[ 0  1  0  0  0  0]
[ 0  0  1  0  0  0]
[ 0  0  0  1  0  0]
[ 0  0  0  0  1  0]
[ 0  0  0  0  0 -1]



---------------------------------------------------------


Transformation matrix is:
[1 0 0 0 0 0]
[0 1 0 0 0 0]
[0 0 1 0 0 0]
[0 0 0 0 1 0]
[0 0 0 1 0 0]
[0 0 0 0 0 1]

Diagonal matrix is:
[ 1  0  0  0  0  0]
[ 0  1  0  0  0  0]
[ 0  0  1  0  0  0]
[ 0  0  0  1  0  0]
[ 0  0  0  0  1  0]
[ 0  0  0  0  0 -1]



---------------------------------------------------------


Transformation matrix is:
[1 0 0 0 0 0]
[0 1 0 0 0 0]
[0 0 1 0 0 0]
[0 0 0 0 0 1]
[0 0 0 0 1 0]
[0 0 0 1 0 0]

Diagonal matrix is:
[ 1  0  0  0  0  0]
[ 0  1  0  0  0  0]
[ 0  0  1  0  0  0]
[ 0  0  0  1  0  0]
[ 0  0  0  0  1  0]
[ 0  0  0  0  0 -1]



---------------------------------------------------------


Transformation matrix is:
[1 0 0 0 0 0]
[0 0 1 0 0 0]
[0 1 0 0 0 0]
[0 0 0 1 0 0]
[0 0 0 0 1 0]
[0 0 0 0 0 1]

Diagonal matrix is:
[ 1  0  0  0  0  0]
[ 0  1  0  0  0  0]
[ 0  0  1  0  0  0]
[ 0  0  0  1  0  0]
[ 0  0  0  0  1  0]
[ 0  0  0  0  0 -1]



---------------------------------------------------------


Transformation matrix is:
[1 0 0 0 0 0]
[0 0 1 0 0 0]
[0 1 0 0 0 0]
[0 0 0 1 0 0]
[0 0 0 0 0 1]
[0 0 0 0 1 0]

Diagonal matrix is:
[ 1  0  0  0  0  0]
[ 0  1  0  0  0  0]
[ 0  0  1  0  0  0]
[ 0  0  0  1  0  0]
[ 0  0  0  0 -1  0]
[ 0  0  0  0  0 -1]

Point counts are [
    [ 58, 3 ],
    [ 256, 5 ],
    [ 1024, 7 ],
    [ 2014, 11 ],
    [ 5128, 13 ],
    [ 6580, 17 ]
]

Good point counts are [
    [ 58, 3 ],
    [ 256, 5 ],
    [ 1024, 7 ],
    [ 2014, 11 ],
    [ 5128, 13 ],
    [ 6580, 17 ]
]

Level of weight 4 newform is [ 9, 1, 1 ]

First coefficient can be obtained from:  [ <10, 3>, <26, 5>, <100, 7>, <62, 11>,
<220, 13>, <98, 17> ]
Second coefficient is  <[ 0, 0, 0, 0, 0, 0 ], [ <21, 5>, <93, 7>, <51, 11>,
<207, 13>, <81, 17> ]>


---------------------------------------------------------


Transformation matrix is:
[1 0 0 0 0 0]
[0 0 1 0 0 0]
[0 1 0 0 0 0]
[0 0 0 0 1 0]
[0 0 0 1 0 0]
[0 0 0 0 0 1]

Diagonal matrix is:
[ 1  0  0  0  0  0]
[ 0  1  0  0  0  0]
[ 0  0  1  0  0  0]
[ 0  0  0  1  0  0]
[ 0  0  0  0 -1  0]
[ 0  0  0  0  0 -1]

Point counts are [
    [ 58, 3 ],
    [ 256, 5 ],
    [ 1024, 7 ],
    [ 2014, 11 ],
    [ 5128, 13 ],
    [ 6580, 17 ]
]

Good point counts are [
    [ 58, 3 ],
    [ 256, 5 ],
    [ 1024, 7 ],
    [ 2014, 11 ],
    [ 5128, 13 ],
    [ 6580, 17 ]
]

Level of weight 4 newform is [ 9, 1, 1 ]

First coefficient can be obtained from:  [ <10, 3>, <26, 5>, <100, 7>, <62, 11>,
<220, 13>, <98, 17> ]
Second coefficient is  <[ 0, 0, 0, 0, 0, 0 ], [ <21, 5>, <93, 7>, <51, 11>,
<207, 13>, <81, 17> ]>


---------------------------------------------------------


Transformation matrix is:
[1 0 0 0 0 0]
[0 0 1 0 0 0]
[0 1 0 0 0 0]
[0 0 0 0 0 1]
[0 0 0 0 1 0]
[0 0 0 1 0 0]

Diagonal matrix is:
[ 1  0  0  0  0  0]
[ 0  1  0  0  0  0]
[ 0  0  1  0  0  0]
[ 0  0  0  1  0  0]
[ 0  0  0  0 -1  0]
[ 0  0  0  0  0 -1]

Point counts are [
    [ 58, 3 ],
    [ 256, 5 ],
    [ 1024, 7 ],
    [ 2014, 11 ],
    [ 5128, 13 ],
    [ 6580, 17 ]
]

Good point counts are [
    [ 58, 3 ],
    [ 256, 5 ],
    [ 1024, 7 ],
    [ 2014, 11 ],
    [ 5128, 13 ],
    [ 6580, 17 ]
]

Level of weight 4 newform is [ 9, 1, 1 ]

First coefficient can be obtained from:  [ <10, 3>, <26, 5>, <100, 7>, <62, 11>,
<220, 13>, <98, 17> ]
Second coefficient is  <[ 0, 0, 0, 0, 0, 0 ], [ <21, 5>, <93, 7>, <51, 11>,
<207, 13>, <81, 17> ]>


---------------------------------------------------------


Transformation matrix is:
[0 1 0 0 0 0]
[1 0 0 0 0 0]
[0 0 1 0 0 0]
[0 0 0 1 0 0]
[0 0 0 0 1 0]
[0 0 0 0 0 1]

Diagonal matrix is:
[ 1  0  0  0  0  0]
[ 0  1  0  0  0  0]
[ 0  0  1  0  0  0]
[ 0  0  0  1  0  0]
[ 0  0  0  0  1  0]
[ 0  0  0  0  0 -1]



---------------------------------------------------------


Transformation matrix is:
[0 1 0 0 0 0]
[1 0 0 0 0 0]
[0 0 1 0 0 0]
[0 0 0 1 0 0]
[0 0 0 0 0 1]
[0 0 0 0 1 0]

Diagonal matrix is:
[ 1  0  0  0  0  0]
[ 0  1  0  0  0  0]
[ 0  0  1  0  0  0]
[ 0  0  0  1  0  0]
[ 0  0  0  0 -1  0]
[ 0  0  0  0  0 -1]

Point counts are [
    [ 58, 3 ],
    [ 256, 5 ],
    [ 1024, 7 ],
    [ 2014, 11 ],
    [ 5128, 13 ],
    [ 6580, 17 ]
]

Good point counts are [
    [ 58, 3 ],
    [ 256, 5 ],
    [ 1024, 7 ],
    [ 2014, 11 ],
    [ 5128, 13 ],
    [ 6580, 17 ]
]

Level of weight 4 newform is [ 9, 1, 1 ]

First coefficient can be obtained from:  [ <10, 3>, <26, 5>, <100, 7>, <62, 11>,
<220, 13>, <98, 17> ]
Second coefficient is  <[ 0, 0, 0, 0, 0, 0 ], [ <21, 5>, <93, 7>, <51, 11>,
<207, 13>, <81, 17> ]>


---------------------------------------------------------


Transformation matrix is:
[0 1 0 0 0 0]
[1 0 0 0 0 0]
[0 0 1 0 0 0]
[0 0 0 0 1 0]
[0 0 0 1 0 0]
[0 0 0 0 0 1]

Diagonal matrix is:
[ 1  0  0  0  0  0]
[ 0  1  0  0  0  0]
[ 0  0  1  0  0  0]
[ 0  0  0  1  0  0]
[ 0  0  0  0 -1  0]
[ 0  0  0  0  0 -1]

Point counts are [
    [ 58, 3 ],
    [ 256, 5 ],
    [ 1024, 7 ],
    [ 2014, 11 ],
    [ 5128, 13 ],
    [ 6580, 17 ]
]

Good point counts are [
    [ 58, 3 ],
    [ 256, 5 ],
    [ 1024, 7 ],
    [ 2014, 11 ],
    [ 5128, 13 ],
    [ 6580, 17 ]
]

Level of weight 4 newform is [ 9, 1, 1 ]

First coefficient can be obtained from:  [ <10, 3>, <26, 5>, <100, 7>, <62, 11>,
<220, 13>, <98, 17> ]
Second coefficient is  <[ 0, 0, 0, 0, 0, 0 ], [ <21, 5>, <93, 7>, <51, 11>,
<207, 13>, <81, 17> ]>


---------------------------------------------------------


Transformation matrix is:
[0 1 0 0 0 0]
[1 0 0 0 0 0]
[0 0 1 0 0 0]
[0 0 0 0 0 1]
[0 0 0 0 1 0]
[0 0 0 1 0 0]

Diagonal matrix is:
[ 1  0  0  0  0  0]
[ 0  1  0  0  0  0]
[ 0  0  1  0  0  0]
[ 0  0  0  1  0  0]
[ 0  0  0  0 -1  0]
[ 0  0  0  0  0 -1]

Point counts are [
    [ 58, 3 ],
    [ 256, 5 ],
    [ 1024, 7 ],
    [ 2014, 11 ],
    [ 5128, 13 ],
    [ 6580, 17 ]
]

Good point counts are [
    [ 58, 3 ],
    [ 256, 5 ],
    [ 1024, 7 ],
    [ 2014, 11 ],
    [ 5128, 13 ],
    [ 6580, 17 ]
]

Level of weight 4 newform is [ 9, 1, 1 ]

First coefficient can be obtained from:  [ <10, 3>, <26, 5>, <100, 7>, <62, 11>,
<220, 13>, <98, 17> ]
Second coefficient is  <[ 0, 0, 0, 0, 0, 0 ], [ <21, 5>, <93, 7>, <51, 11>,
<207, 13>, <81, 17> ]>


---------------------------------------------------------


Transformation matrix is:
[0 0 1 0 0 0]
[0 1 0 0 0 0]
[1 0 0 0 0 0]
[0 0 0 1 0 0]
[0 0 0 0 1 0]
[0 0 0 0 0 1]

Diagonal matrix is:
[ 1  0  0  0  0  0]
[ 0  1  0  0  0  0]
[ 0  0  1  0  0  0]
[ 0  0  0  1  0  0]
[ 0  0  0  0  1  0]
[ 0  0  0  0  0 -1]



---------------------------------------------------------


Transformation matrix is:
[0 0 1 0 0 0]
[0 1 0 0 0 0]
[1 0 0 0 0 0]
[0 0 0 1 0 0]
[0 0 0 0 0 1]
[0 0 0 0 1 0]

Diagonal matrix is:
[ 1  0  0  0  0  0]
[ 0  1  0  0  0  0]
[ 0  0  1  0  0  0]
[ 0  0  0  1  0  0]
[ 0  0  0  0 -1  0]
[ 0  0  0  0  0 -1]

Point counts are [
    [ 58, 3 ],
    [ 256, 5 ],
    [ 1024, 7 ],
    [ 2014, 11 ],
    [ 5128, 13 ],
    [ 6580, 17 ]
]

Good point counts are [
    [ 58, 3 ],
    [ 256, 5 ],
    [ 1024, 7 ],
    [ 2014, 11 ],
    [ 5128, 13 ],
    [ 6580, 17 ]
]

Level of weight 4 newform is [ 9, 1, 1 ]

First coefficient can be obtained from:  [ <10, 3>, <26, 5>, <100, 7>, <62, 11>,
<220, 13>, <98, 17> ]
Second coefficient is  <[ 0, 0, 0, 0, 0, 0 ], [ <21, 5>, <93, 7>, <51, 11>,
<207, 13>, <81, 17> ]>


---------------------------------------------------------


Transformation matrix is:
[0 0 1 0 0 0]
[0 1 0 0 0 0]
[1 0 0 0 0 0]
[0 0 0 0 1 0]
[0 0 0 1 0 0]
[0 0 0 0 0 1]

Diagonal matrix is:
[ 1  0  0  0  0  0]
[ 0  1  0  0  0  0]
[ 0  0  1  0  0  0]
[ 0  0  0  1  0  0]
[ 0  0  0  0 -1  0]
[ 0  0  0  0  0 -1]

Point counts are [
    [ 58, 3 ],
    [ 256, 5 ],
    [ 1024, 7 ],
    [ 2014, 11 ],
    [ 5128, 13 ],
    [ 6580, 17 ]
]

Good point counts are [
    [ 58, 3 ],
    [ 256, 5 ],
    [ 1024, 7 ],
    [ 2014, 11 ],
    [ 5128, 13 ],
    [ 6580, 17 ]
]

Level of weight 4 newform is [ 9, 1, 1 ]

First coefficient can be obtained from:  [ <10, 3>, <26, 5>, <100, 7>, <62, 11>,
<220, 13>, <98, 17> ]
Second coefficient is  <[ 0, 0, 0, 0, 0, 0 ], [ <21, 5>, <93, 7>, <51, 11>,
<207, 13>, <81, 17> ]>


---------------------------------------------------------


Transformation matrix is:
[0 0 1 0 0 0]
[0 1 0 0 0 0]
[1 0 0 0 0 0]
[0 0 0 0 0 1]
[0 0 0 0 1 0]
[0 0 0 1 0 0]

Diagonal matrix is:
[ 1  0  0  0  0  0]
[ 0  1  0  0  0  0]
[ 0  0  1  0  0  0]
[ 0  0  0  1  0  0]
[ 0  0  0  0 -1  0]
[ 0  0  0  0  0 -1]

Point counts are [
    [ 58, 3 ],
    [ 256, 5 ],
    [ 1024, 7 ],
    [ 2014, 11 ],
    [ 5128, 13 ],
    [ 6580, 17 ]
]

Good point counts are [
    [ 58, 3 ],
    [ 256, 5 ],
    [ 1024, 7 ],
    [ 2014, 11 ],
    [ 5128, 13 ],
    [ 6580, 17 ]
]

Level of weight 4 newform is [ 9, 1, 1 ]

First coefficient can be obtained from:  [ <10, 3>, <26, 5>, <100, 7>, <62, 11>,
<220, 13>, <98, 17> ]
Second coefficient is  <[ 0, 0, 0, 0, 0, 0 ], [ <21, 5>, <93, 7>, <51, 11>,
<207, 13>, <81, 17> ]>


---------------------------------------------------------
