Transformation matrix is:
[1 0 0 0 0 0]
[0 1 0 0 0 0]
[0 0 1 0 0 0]
[0 0 0 1 0 0]
[0 0 0 0 1 0]
[0 0 0 0 0 1]

Diagonal matrix is:
[1 0 0 0 0 0]
[0 1 0 0 0 0]
[0 0 1 0 0 0]
[0 0 0 1 0 0]
[0 0 0 0 1 0]
[0 0 0 0 0 1]

Point counts are [
    [ 40, 3 ],
    [ 156, 5 ],
    [ 1458, 7 ],
    [ 1464, 11 ],
    [ 6480, 13 ],
    [ 5220, 17 ]
]

Good point counts are [
    [ 40, 3 ],
    [ 156, 5 ],
    [ 1458, 7 ],
    [ 1464, 11 ],
    [ 6480, 13 ],
    [ 5220, 17 ]
]

Level of weight 4 newform is [ 9, 1, 1 ]

First coefficient can be obtained from:  [ <4, 3>, <6, 5>, <162, 7>, <12, 11>,
<324, 13>, <18, 17> ]
Second coefficient is  <[ 0, 0, 0, 0, 0, 0 ], [ <1, 5>, <155, 7>, <1, 11>, <311,
13>, <1, 17> ]>


---------------------------------------------------------


Transformation matrix is:
[1 0 0 0 0 0]
[0 1 0 0 0 0]
[0 0 1 0 0 0]
[0 0 0 0 1 0]
[0 0 0 1 0 0]
[0 0 0 0 0 1]

Diagonal matrix is:
[ 1  0  0  0  0  0]
[ 0  1  0  0  0  0]
[ 0  0  1  0  0  0]
[ 0  0  0  1  0  0]
[ 0  0  0  0  1  0]
[ 0  0  0  0  0 -1]



---------------------------------------------------------


Transformation matrix is:
[1 0 0 0 0 0]
[0 1 0 0 0 0]
[0 0 0 0 0 1]
[0 0 0 1 0 0]
[0 0 0 0 1 0]
[0 0 1 0 0 0]

Diagonal matrix is:
[ 1  0  0  0  0  0]
[ 0  1  0  0  0  0]
[ 0  0  1  0  0  0]
[ 0  0  0  1  0  0]
[ 0  0  0  0  1  0]
[ 0  0  0  0  0 -1]



---------------------------------------------------------


Transformation matrix is:
[1 0 0 0 0 0]
[0 1 0 0 0 0]
[0 0 0 0 0 1]
[0 0 0 0 1 0]
[0 0 0 1 0 0]
[0 0 1 0 0 0]

Diagonal matrix is:
[ 1  0  0  0  0  0]
[ 0  1  0  0  0  0]
[ 0  0  1  0  0  0]
[ 0  0  0  1  0  0]
[ 0  0  0  0 -1  0]
[ 0  0  0  0  0 -1]

Point counts are [
    [ 40, 3 ],
    [ 206, 5 ],
    [ 856, 7 ],
    [ 1706, 11 ],
    [ 4270, 13 ],
    [ 5798, 17 ]
]

Good point counts are [
    [ 40, 3 ],
    [ 206, 5 ],
    [ 856, 7 ],
    [ 1706, 11 ],
    [ 4270, 13 ],
    [ 5798, 17 ]
]

Level of weight 4 newform is [ 9, 1, 1 ]

First coefficient can be obtained from:  [ <4, 3>, <16, 5>, <76, 7>, <34, 11>,
<154, 13>, <52, 17> ]
Second coefficient is  <[ 0, 0, 0, 0, 0, 0 ], [ <11, 5>, <69, 7>, <23, 11>,
<141, 13>, <35, 17> ]>


---------------------------------------------------------


Transformation matrix is:
[0 1 0 0 0 0]
[1 0 0 0 0 0]
[0 0 1 0 0 0]
[0 0 0 1 0 0]
[0 0 0 0 1 0]
[0 0 0 0 0 1]

Diagonal matrix is:
[ 1  0  0  0  0  0]
[ 0  1  0  0  0  0]
[ 0  0  1  0  0  0]
[ 0  0  0  1  0  0]
[ 0  0  0  0  1  0]
[ 0  0  0  0  0 -1]



---------------------------------------------------------


Transformation matrix is:
[0 1 0 0 0 0]
[1 0 0 0 0 0]
[0 0 1 0 0 0]
[0 0 0 0 1 0]
[0 0 0 1 0 0]
[0 0 0 0 0 1]

Diagonal matrix is:
[ 1  0  0  0  0  0]
[ 0  1  0  0  0  0]
[ 0  0  1  0  0  0]
[ 0  0  0  1  0  0]
[ 0  0  0  0 -1  0]
[ 0  0  0  0  0 -1]

Point counts are [
    [ 40, 3 ],
    [ 206, 5 ],
    [ 856, 7 ],
    [ 1706, 11 ],
    [ 4270, 13 ],
    [ 5798, 17 ]
]

Good point counts are [
    [ 40, 3 ],
    [ 206, 5 ],
    [ 856, 7 ],
    [ 1706, 11 ],
    [ 4270, 13 ],
    [ 5798, 17 ]
]

Level of weight 4 newform is [ 9, 1, 1 ]

First coefficient can be obtained from:  [ <4, 3>, <16, 5>, <76, 7>, <34, 11>,
<154, 13>, <52, 17> ]
Second coefficient is  <[ 0, 0, 0, 0, 0, 0 ], [ <11, 5>, <69, 7>, <23, 11>,
<141, 13>, <35, 17> ]>


---------------------------------------------------------


Transformation matrix is:
[0 1 0 0 0 0]
[1 0 0 0 0 0]
[0 0 0 0 0 1]
[0 0 0 1 0 0]
[0 0 0 0 1 0]
[0 0 1 0 0 0]

Diagonal matrix is:
[ 1  0  0  0  0  0]
[ 0  1  0  0  0  0]
[ 0  0  1  0  0  0]
[ 0  0  0  1  0  0]
[ 0  0  0  0 -1  0]
[ 0  0  0  0  0 -1]

Point counts are [
    [ 40, 3 ],
    [ 206, 5 ],
    [ 856, 7 ],
    [ 1706, 11 ],
    [ 4270, 13 ],
    [ 5798, 17 ]
]

Good point counts are [
    [ 40, 3 ],
    [ 206, 5 ],
    [ 856, 7 ],
    [ 1706, 11 ],
    [ 4270, 13 ],
    [ 5798, 17 ]
]

Level of weight 4 newform is [ 9, 1, 1 ]

First coefficient can be obtained from:  [ <4, 3>, <16, 5>, <76, 7>, <34, 11>,
<154, 13>, <52, 17> ]
Second coefficient is  <[ 0, 0, 0, 0, 0, 0 ], [ <11, 5>, <69, 7>, <23, 11>,
<141, 13>, <35, 17> ]>


---------------------------------------------------------


Transformation matrix is:
[0 1 0 0 0 0]
[1 0 0 0 0 0]
[0 0 0 0 0 1]
[0 0 0 0 1 0]
[0 0 0 1 0 0]
[0 0 1 0 0 0]

Diagonal matrix is:
[ 1  0  0  0  0  0]
[ 0  1  0  0  0  0]
[ 0  0  1  0  0  0]
[ 0  0  0 -1  0  0]
[ 0  0  0  0 -1  0]
[ 0  0  0  0  0 -1]



---------------------------------------------------------
