Transformation matrix is:
[1 0 0 0 0 0]
[0 1 0 0 0 0]
[0 0 1 0 0 0]
[0 0 0 1 0 0]
[0 0 0 0 1 0]
[0 0 0 0 0 1]

Diagonal matrix is:
[1 0 0 0 0 0]
[0 1 0 0 0 0]
[0 0 1 0 0 0]
[0 0 0 1 0 0]
[0 0 0 0 1 0]
[0 0 0 0 0 1]

Point counts are [
    [ 130, 3 ],
    [ 554, 5 ],
    [ 1386, 7 ],
    [ 4442, 11 ],
    [ 6810, 13 ],
    [ 13226, 17 ]
]

Good point counts are [
    [ 130, 3 ],
    [ 554, 5 ],
    [ 1386, 7 ],
    [ 4442, 11 ],
    [ 6810, 13 ],
    [ 13226, 17 ]
]

Level of weight 4 newform is [ 12, 1, 1 ]

First coefficient can be obtained from:  [ <35, 3>, <82, 5>, <150, 7>, <286,
11>, <354, 13>, <490, 17> ]
Second coefficient is  <[ 0, 0, 0, 0, 0, 0 ], [ <77, 5>, <143, 7>, <275, 11>,
<341, 13>, <473, 17> ]>


---------------------------------------------------------


Transformation matrix is:
[1 0 0 0 0 0]
[0 1 0 0 0 0]
[0 0 1 0 0 0]
[0 0 0 1 0 0]
[0 0 0 0 0 1]
[0 0 0 0 1 0]

Diagonal matrix is:
[ 1  0  0  0  0  0]
[ 0  1  0  0  0  0]
[ 0  0  1  0  0  0]
[ 0  0  0  1  0  0]
[ 0  0  0  0  1  0]
[ 0  0  0  0  0 -1]



---------------------------------------------------------


Transformation matrix is:
[1 0 0 0 0 0]
[0 1 0 0 0 0]
[0 0 1 0 0 0]
[0 0 0 0 1 0]
[0 0 0 1 0 0]
[0 0 0 0 0 1]

Diagonal matrix is:
[ 1  0  0  0  0  0]
[ 0  1  0  0  0  0]
[ 0  0  1  0  0  0]
[ 0  0  0  1  0  0]
[ 0  0  0  0  1  0]
[ 0  0  0  0  0 -1]



---------------------------------------------------------


Transformation matrix is:
[1 0 0 0 0 0]
[0 1 0 0 0 0]
[0 0 1 0 0 0]
[0 0 0 0 0 1]
[0 0 0 0 1 0]
[0 0 0 1 0 0]

Diagonal matrix is:
[ 1  0  0  0  0  0]
[ 0  1  0  0  0  0]
[ 0  0  1  0  0  0]
[ 0  0  0  1  0  0]
[ 0  0  0  0  1  0]
[ 0  0  0  0  0 -1]



---------------------------------------------------------


Transformation matrix is:
[1 0 0 0 0 0]
[0 0 1 0 0 0]
[0 1 0 0 0 0]
[0 0 0 1 0 0]
[0 0 0 0 1 0]
[0 0 0 0 0 1]

Diagonal matrix is:
[ 1  0  0  0  0  0]
[ 0  1  0  0  0  0]
[ 0  0  1  0  0  0]
[ 0  0  0  1  0  0]
[ 0  0  0  0  1  0]
[ 0  0  0  0  0 -1]



---------------------------------------------------------


Transformation matrix is:
[1 0 0 0 0 0]
[0 0 1 0 0 0]
[0 1 0 0 0 0]
[0 0 0 1 0 0]
[0 0 0 0 0 1]
[0 0 0 0 1 0]

Diagonal matrix is:
[ 1  0  0  0  0  0]
[ 0  1  0  0  0  0]
[ 0  0  1  0  0  0]
[ 0  0  0  1  0  0]
[ 0  0  0  0 -1  0]
[ 0  0  0  0  0 -1]

Point counts are [
    [ 106, 3 ],
    [ 404, 5 ],
    [ 980, 7 ],
    [ 3188, 11 ],
    [ 4964, 13 ],
    [ 9860, 17 ]
]

Good point counts are [
    [ 106, 3 ],
    [ 404, 5 ],
    [ 980, 7 ],
    [ 3188, 11 ],
    [ 4964, 13 ],
    [ 9860, 17 ]
]

Level of weight 4 newform is [ 12, 1, 1 ]

First coefficient can be obtained from:  [ <27, 3>, <52, 5>, <92, 7>, <172, 11>,
<212, 13>, <292, 17> ]
Second coefficient is  <[ 0, 0, 0, 0, 0, 0 ], [ <47, 5>, <85, 7>, <161, 11>,
<199, 13>, <275, 17> ]>


---------------------------------------------------------


Transformation matrix is:
[1 0 0 0 0 0]
[0 0 1 0 0 0]
[0 1 0 0 0 0]
[0 0 0 0 1 0]
[0 0 0 1 0 0]
[0 0 0 0 0 1]

Diagonal matrix is:
[ 1  0  0  0  0  0]
[ 0  1  0  0  0  0]
[ 0  0  1  0  0  0]
[ 0  0  0  1  0  0]
[ 0  0  0  0 -1  0]
[ 0  0  0  0  0 -1]

Point counts are [
    [ 106, 3 ],
    [ 404, 5 ],
    [ 980, 7 ],
    [ 3188, 11 ],
    [ 4964, 13 ],
    [ 9860, 17 ]
]

Good point counts are [
    [ 106, 3 ],
    [ 404, 5 ],
    [ 980, 7 ],
    [ 3188, 11 ],
    [ 4964, 13 ],
    [ 9860, 17 ]
]

Level of weight 4 newform is [ 12, 1, 1 ]

First coefficient can be obtained from:  [ <27, 3>, <52, 5>, <92, 7>, <172, 11>,
<212, 13>, <292, 17> ]
Second coefficient is  <[ 0, 0, 0, 0, 0, 0 ], [ <47, 5>, <85, 7>, <161, 11>,
<199, 13>, <275, 17> ]>


---------------------------------------------------------


Transformation matrix is:
[1 0 0 0 0 0]
[0 0 1 0 0 0]
[0 1 0 0 0 0]
[0 0 0 0 0 1]
[0 0 0 0 1 0]
[0 0 0 1 0 0]

Diagonal matrix is:
[ 1  0  0  0  0  0]
[ 0  1  0  0  0  0]
[ 0  0  1  0  0  0]
[ 0  0  0  1  0  0]
[ 0  0  0  0 -1  0]
[ 0  0  0  0  0 -1]

Point counts are [
    [ 106, 3 ],
    [ 404, 5 ],
    [ 980, 7 ],
    [ 3188, 11 ],
    [ 4964, 13 ],
    [ 9860, 17 ]
]

Good point counts are [
    [ 106, 3 ],
    [ 404, 5 ],
    [ 980, 7 ],
    [ 3188, 11 ],
    [ 4964, 13 ],
    [ 9860, 17 ]
]

Level of weight 4 newform is [ 12, 1, 1 ]

First coefficient can be obtained from:  [ <27, 3>, <52, 5>, <92, 7>, <172, 11>,
<212, 13>, <292, 17> ]
Second coefficient is  <[ 0, 0, 0, 0, 0, 0 ], [ <47, 5>, <85, 7>, <161, 11>,
<199, 13>, <275, 17> ]>


---------------------------------------------------------


Transformation matrix is:
[0 1 0 0 0 0]
[1 0 0 0 0 0]
[0 0 1 0 0 0]
[0 0 0 1 0 0]
[0 0 0 0 1 0]
[0 0 0 0 0 1]

Diagonal matrix is:
[ 1  0  0  0  0  0]
[ 0  1  0  0  0  0]
[ 0  0  1  0  0  0]
[ 0  0  0  1  0  0]
[ 0  0  0  0  1  0]
[ 0  0  0  0  0 -1]



---------------------------------------------------------


Transformation matrix is:
[0 1 0 0 0 0]
[1 0 0 0 0 0]
[0 0 1 0 0 0]
[0 0 0 1 0 0]
[0 0 0 0 0 1]
[0 0 0 0 1 0]

Diagonal matrix is:
[ 1  0  0  0  0  0]
[ 0  1  0  0  0  0]
[ 0  0  1  0  0  0]
[ 0  0  0  1  0  0]
[ 0  0  0  0 -1  0]
[ 0  0  0  0  0 -1]

Point counts are [
    [ 106, 3 ],
    [ 404, 5 ],
    [ 980, 7 ],
    [ 3188, 11 ],
    [ 4964, 13 ],
    [ 9860, 17 ]
]

Good point counts are [
    [ 106, 3 ],
    [ 404, 5 ],
    [ 980, 7 ],
    [ 3188, 11 ],
    [ 4964, 13 ],
    [ 9860, 17 ]
]

Level of weight 4 newform is [ 12, 1, 1 ]

First coefficient can be obtained from:  [ <27, 3>, <52, 5>, <92, 7>, <172, 11>,
<212, 13>, <292, 17> ]
Second coefficient is  <[ 0, 0, 0, 0, 0, 0 ], [ <47, 5>, <85, 7>, <161, 11>,
<199, 13>, <275, 17> ]>


---------------------------------------------------------


Transformation matrix is:
[0 1 0 0 0 0]
[1 0 0 0 0 0]
[0 0 1 0 0 0]
[0 0 0 0 1 0]
[0 0 0 1 0 0]
[0 0 0 0 0 1]

Diagonal matrix is:
[ 1  0  0  0  0  0]
[ 0  1  0  0  0  0]
[ 0  0  1  0  0  0]
[ 0  0  0  1  0  0]
[ 0  0  0  0 -1  0]
[ 0  0  0  0  0 -1]

Point counts are [
    [ 106, 3 ],
    [ 404, 5 ],
    [ 980, 7 ],
    [ 3188, 11 ],
    [ 4964, 13 ],
    [ 9860, 17 ]
]

Good point counts are [
    [ 106, 3 ],
    [ 404, 5 ],
    [ 980, 7 ],
    [ 3188, 11 ],
    [ 4964, 13 ],
    [ 9860, 17 ]
]

Level of weight 4 newform is [ 12, 1, 1 ]

First coefficient can be obtained from:  [ <27, 3>, <52, 5>, <92, 7>, <172, 11>,
<212, 13>, <292, 17> ]
Second coefficient is  <[ 0, 0, 0, 0, 0, 0 ], [ <47, 5>, <85, 7>, <161, 11>,
<199, 13>, <275, 17> ]>


---------------------------------------------------------


Transformation matrix is:
[0 1 0 0 0 0]
[1 0 0 0 0 0]
[0 0 1 0 0 0]
[0 0 0 0 0 1]
[0 0 0 0 1 0]
[0 0 0 1 0 0]

Diagonal matrix is:
[ 1  0  0  0  0  0]
[ 0  1  0  0  0  0]
[ 0  0  1  0  0  0]
[ 0  0  0  1  0  0]
[ 0  0  0  0 -1  0]
[ 0  0  0  0  0 -1]

Point counts are [
    [ 106, 3 ],
    [ 404, 5 ],
    [ 980, 7 ],
    [ 3188, 11 ],
    [ 4964, 13 ],
    [ 9860, 17 ]
]

Good point counts are [
    [ 106, 3 ],
    [ 404, 5 ],
    [ 980, 7 ],
    [ 3188, 11 ],
    [ 4964, 13 ],
    [ 9860, 17 ]
]

Level of weight 4 newform is [ 12, 1, 1 ]

First coefficient can be obtained from:  [ <27, 3>, <52, 5>, <92, 7>, <172, 11>,
<212, 13>, <292, 17> ]
Second coefficient is  <[ 0, 0, 0, 0, 0, 0 ], [ <47, 5>, <85, 7>, <161, 11>,
<199, 13>, <275, 17> ]>


---------------------------------------------------------


Transformation matrix is:
[0 0 1 0 0 0]
[0 1 0 0 0 0]
[1 0 0 0 0 0]
[0 0 0 1 0 0]
[0 0 0 0 1 0]
[0 0 0 0 0 1]

Diagonal matrix is:
[ 1  0  0  0  0  0]
[ 0  1  0  0  0  0]
[ 0  0  1  0  0  0]
[ 0  0  0  1  0  0]
[ 0  0  0  0  1  0]
[ 0  0  0  0  0 -1]



---------------------------------------------------------


Transformation matrix is:
[0 0 1 0 0 0]
[0 1 0 0 0 0]
[1 0 0 0 0 0]
[0 0 0 1 0 0]
[0 0 0 0 0 1]
[0 0 0 0 1 0]

Diagonal matrix is:
[ 1  0  0  0  0  0]
[ 0  1  0  0  0  0]
[ 0  0  1  0  0  0]
[ 0  0  0  1  0  0]
[ 0  0  0  0 -1  0]
[ 0  0  0  0  0 -1]

Point counts are [
    [ 106, 3 ],
    [ 404, 5 ],
    [ 980, 7 ],
    [ 3188, 11 ],
    [ 4964, 13 ],
    [ 9860, 17 ]
]

Good point counts are [
    [ 106, 3 ],
    [ 404, 5 ],
    [ 980, 7 ],
    [ 3188, 11 ],
    [ 4964, 13 ],
    [ 9860, 17 ]
]

Level of weight 4 newform is [ 12, 1, 1 ]

First coefficient can be obtained from:  [ <27, 3>, <52, 5>, <92, 7>, <172, 11>,
<212, 13>, <292, 17> ]
Second coefficient is  <[ 0, 0, 0, 0, 0, 0 ], [ <47, 5>, <85, 7>, <161, 11>,
<199, 13>, <275, 17> ]>


---------------------------------------------------------


Transformation matrix is:
[0 0 1 0 0 0]
[0 1 0 0 0 0]
[1 0 0 0 0 0]
[0 0 0 0 1 0]
[0 0 0 1 0 0]
[0 0 0 0 0 1]

Diagonal matrix is:
[ 1  0  0  0  0  0]
[ 0  1  0  0  0  0]
[ 0  0  1  0  0  0]
[ 0  0  0  1  0  0]
[ 0  0  0  0 -1  0]
[ 0  0  0  0  0 -1]

Point counts are [
    [ 106, 3 ],
    [ 404, 5 ],
    [ 980, 7 ],
    [ 3188, 11 ],
    [ 4964, 13 ],
    [ 9860, 17 ]
]

Good point counts are [
    [ 106, 3 ],
    [ 404, 5 ],
    [ 980, 7 ],
    [ 3188, 11 ],
    [ 4964, 13 ],
    [ 9860, 17 ]
]

Level of weight 4 newform is [ 12, 1, 1 ]

First coefficient can be obtained from:  [ <27, 3>, <52, 5>, <92, 7>, <172, 11>,
<212, 13>, <292, 17> ]
Second coefficient is  <[ 0, 0, 0, 0, 0, 0 ], [ <47, 5>, <85, 7>, <161, 11>,
<199, 13>, <275, 17> ]>


---------------------------------------------------------


Transformation matrix is:
[0 0 1 0 0 0]
[0 1 0 0 0 0]
[1 0 0 0 0 0]
[0 0 0 0 0 1]
[0 0 0 0 1 0]
[0 0 0 1 0 0]

Diagonal matrix is:
[ 1  0  0  0  0  0]
[ 0  1  0  0  0  0]
[ 0  0  1  0  0  0]
[ 0  0  0  1  0  0]
[ 0  0  0  0 -1  0]
[ 0  0  0  0  0 -1]

Point counts are [
    [ 106, 3 ],
    [ 404, 5 ],
    [ 980, 7 ],
    [ 3188, 11 ],
    [ 4964, 13 ],
    [ 9860, 17 ]
]

Good point counts are [
    [ 106, 3 ],
    [ 404, 5 ],
    [ 980, 7 ],
    [ 3188, 11 ],
    [ 4964, 13 ],
    [ 9860, 17 ]
]

Level of weight 4 newform is [ 12, 1, 1 ]

First coefficient can be obtained from:  [ <27, 3>, <52, 5>, <92, 7>, <172, 11>,
<212, 13>, <292, 17> ]
Second coefficient is  <[ 0, 0, 0, 0, 0, 0 ], [ <47, 5>, <85, 7>, <161, 11>,
<199, 13>, <275, 17> ]>


---------------------------------------------------------
