Transformation matrix is:
[0 1 0 0 0 0]
[1 0 0 0 0 0]
[0 0 1 0 0 0]
[0 0 0 0 1 0]
[0 0 0 1 0 0]
[0 0 0 0 0 1]

Diagonal matrix is:
[ 1  0  0  0  0  0]
[ 0  1  0  0  0  0]
[ 0  0  1  0  0  0]
[ 0  0  0  1  0  0]
[ 0  0  0  0 -1  0]
[ 0  0  0  0  0 -1]

Point counts are [
    [ 79, 3 ],
    [ 306, 5 ],
    [ 834, 7 ],
    [ 3068, 11 ],
    [ 5018, 13 ],
    [ 11008, 17 ]
]

Good point counts are [
    [ 79, 3 ],
    [ 306, 5 ],
    [ 834, 7 ],
    [ 3068, 11 ],
    [ 5018, 13 ],
    [ 11008, 17 ]
]

Level of weight 4 newform is [ 0, 0, 0 ]

not modular


---------------------------------------------------------


Transformation matrix is:
[0 1 0 0 0 0]
[1 0 0 0 0 0]
[0 0 1 0 0 0]
[0 0 0 0 0 1]
[0 0 0 0 1 0]
[0 0 0 1 0 0]

Diagonal matrix is:
[ 1  0  0  0  0  0]
[ 0  1  0  0  0  0]
[ 0  0  1  0  0  0]
[ 0  0  0  1  0  0]
[ 0  0  0  0 -1  0]
[ 0  0  0  0  0 -1]

Point counts are [
    [ 79, 3 ],
    [ 306, 5 ],
    [ 834, 7 ],
    [ 3068, 11 ],
    [ 5018, 13 ],
    [ 11008, 17 ]
]

Good point counts are [
    [ 79, 3 ],
    [ 306, 5 ],
    [ 834, 7 ],
    [ 3068, 11 ],
    [ 5018, 13 ],
    [ 11008, 17 ]
]

Level of weight 4 newform is [ 0, 0, 0 ]

not modular


---------------------------------------------------------


Transformation matrix is:
[0 1 0 0 0 0]
[1 0 0 0 0 0]
[0 0 0 1 0 0]
[0 0 1 0 0 0]
[0 0 0 0 1 0]
[0 0 0 0 0 1]

Diagonal matrix is:
[ 1  0  0  0  0  0]
[ 0  1  0  0  0  0]
[ 0  0  1  0  0  0]
[ 0  0  0  1  0  0]
[ 0  0  0  0 -1  0]
[ 0  0  0  0  0 -1]

Point counts are [
    [ 79, 3 ],
    [ 306, 5 ],
    [ 834, 7 ],
    [ 3068, 11 ],
    [ 5018, 13 ],
    [ 11008, 17 ]
]

Good point counts are [
    [ 79, 3 ],
    [ 306, 5 ],
    [ 834, 7 ],
    [ 3068, 11 ],
    [ 5018, 13 ],
    [ 11008, 17 ]
]

Level of weight 4 newform is [ 0, 0, 0 ]

not modular


---------------------------------------------------------


Transformation matrix is:
[0 1 0 0 0 0]
[1 0 0 0 0 0]
[0 0 0 1 0 0]
[0 0 1 0 0 0]
[0 0 0 0 0 1]
[0 0 0 0 1 0]

Diagonal matrix is:
[ 1  0  0  0  0  0]
[ 0  1  0  0  0  0]
[ 0  0  1  0  0  0]
[ 0  0  0 -1  0  0]
[ 0  0  0  0 -1  0]
[ 0  0  0  0  0 -1]

Point counts are [
    [ 94, 3 ],
    [ 331, 5 ],
    [ 890, 7 ],
    [ 3202, 11 ],
    [ 5162, 13 ],
    [ 11272, 17 ]
]

Good point counts are [
    [ 94, 3 ],
    [ 331, 5 ],
    [ 890, 7 ],
    [ 3202, 11 ],
    [ 5162, 13 ],
    [ 11272, 17 ]
]

Level of weight 4 newform is [ 0, 0, 0 ]

not modular


---------------------------------------------------------


Transformation matrix is:
[0 1 0 0 0 0]
[1 0 0 0 0 0]
[0 0 0 0 1 0]
[0 0 0 1 0 0]
[0 0 1 0 0 0]
[0 0 0 0 0 1]

Diagonal matrix is:
[ 1  0  0  0  0  0]
[ 0  1  0  0  0  0]
[ 0  0  1  0  0  0]
[ 0  0  0  1  0  0]
[ 0  0  0  0 -1  0]
[ 0  0  0  0  0 -1]

Point counts are [
    [ 79, 3 ],
    [ 306, 5 ],
    [ 834, 7 ],
    [ 3068, 11 ],
    [ 5018, 13 ],
    [ 11008, 17 ]
]

Good point counts are [
    [ 79, 3 ],
    [ 306, 5 ],
    [ 834, 7 ],
    [ 3068, 11 ],
    [ 5018, 13 ],
    [ 11008, 17 ]
]

Level of weight 4 newform is [ 0, 0, 0 ]

not modular


---------------------------------------------------------


Transformation matrix is:
[0 1 0 0 0 0]
[1 0 0 0 0 0]
[0 0 0 0 1 0]
[0 0 0 0 0 1]
[0 0 1 0 0 0]
[0 0 0 1 0 0]

Diagonal matrix is:
[ 1  0  0  0  0  0]
[ 0  1  0  0  0  0]
[ 0  0  1  0  0  0]
[ 0  0  0 -1  0  0]
[ 0  0  0  0 -1  0]
[ 0  0  0  0  0 -1]

Point counts are [
    [ 94, 3 ],
    [ 331, 5 ],
    [ 890, 7 ],
    [ 3202, 11 ],
    [ 5162, 13 ],
    [ 11272, 17 ]
]

Good point counts are [
    [ 94, 3 ],
    [ 331, 5 ],
    [ 890, 7 ],
    [ 3202, 11 ],
    [ 5162, 13 ],
    [ 11272, 17 ]
]

Level of weight 4 newform is [ 0, 0, 0 ]

not modular


---------------------------------------------------------


Transformation matrix is:
[0 1 0 0 0 0]
[1 0 0 0 0 0]
[0 0 0 0 0 1]
[0 0 0 1 0 0]
[0 0 0 0 1 0]
[0 0 1 0 0 0]

Diagonal matrix is:
[ 1  0  0  0  0  0]
[ 0  1  0  0  0  0]
[ 0  0  1  0  0  0]
[ 0  0  0  1  0  0]
[ 0  0  0  0 -1  0]
[ 0  0  0  0  0 -1]

Point counts are [
    [ 79, 3 ],
    [ 306, 5 ],
    [ 834, 7 ],
    [ 3068, 11 ],
    [ 5018, 13 ],
    [ 11008, 17 ]
]

Good point counts are [
    [ 79, 3 ],
    [ 306, 5 ],
    [ 834, 7 ],
    [ 3068, 11 ],
    [ 5018, 13 ],
    [ 11008, 17 ]
]

Level of weight 4 newform is [ 0, 0, 0 ]

not modular


---------------------------------------------------------


Transformation matrix is:
[0 1 0 0 0 0]
[1 0 0 0 0 0]
[0 0 0 0 0 1]
[0 0 0 0 1 0]
[0 0 0 1 0 0]
[0 0 1 0 0 0]

Diagonal matrix is:
[ 1  0  0  0  0  0]
[ 0  1  0  0  0  0]
[ 0  0  1  0  0  0]
[ 0  0  0 -1  0  0]
[ 0  0  0  0 -1  0]
[ 0  0  0  0  0 -1]

Point counts are [
    [ 94, 3 ],
    [ 331, 5 ],
    [ 890, 7 ],
    [ 3202, 11 ],
    [ 5162, 13 ],
    [ 11272, 17 ]
]

Good point counts are [
    [ 94, 3 ],
    [ 331, 5 ],
    [ 890, 7 ],
    [ 3202, 11 ],
    [ 5162, 13 ],
    [ 11272, 17 ]
]

Level of weight 4 newform is [ 0, 0, 0 ]

not modular


---------------------------------------------------------


Transformation matrix is:
[0 0 1 0 0 0]
[0 1 0 0 0 0]
[1 0 0 0 0 0]
[0 0 0 1 0 0]
[0 0 0 0 1 0]
[0 0 0 0 0 1]

Diagonal matrix is:
[ 1  0  0  0  0  0]
[ 0  1  0  0  0  0]
[ 0  0  1  0  0  0]
[ 0  0  0  1  0  0]
[ 0  0  0  0  1  0]
[ 0  0  0  0  0 -1]

Point counts are [
    [ 82, 3 ],
    [ 301, 5 ],
    [ 806, 7 ],
    [ 2982, 11 ],
    [ 4902, 13 ],
    [ 10728, 17 ]
]

Good point counts are [
    [ 82, 3 ],
    [ 301, 5 ],
    [ 806, 7 ],
    [ 2982, 11 ],
    [ 4902, 13 ],
    [ 10728, 17 ]
]

Level of weight 4 newform is [ 0, 0, 0 ]

not modular


---------------------------------------------------------


Transformation matrix is:
[0 0 1 0 0 0]
[0 1 0 0 0 0]
[1 0 0 0 0 0]
[0 0 0 1 0 0]
[0 0 0 0 0 1]
[0 0 0 0 1 0]

Diagonal matrix is:
[ 1  0  0  0  0  0]
[ 0  1  0  0  0  0]
[ 0  0  1  0  0  0]
[ 0  0  0  1  0  0]
[ 0  0  0  0 -1  0]
[ 0  0  0  0  0 -1]

Point counts are [
    [ 79, 3 ],
    [ 306, 5 ],
    [ 834, 7 ],
    [ 3068, 11 ],
    [ 5018, 13 ],
    [ 11008, 17 ]
]

Good point counts are [
    [ 79, 3 ],
    [ 306, 5 ],
    [ 834, 7 ],
    [ 3068, 11 ],
    [ 5018, 13 ],
    [ 11008, 17 ]
]

Level of weight 4 newform is [ 0, 0, 0 ]

not modular


---------------------------------------------------------


Transformation matrix is:
[0 0 1 0 0 0]
[0 1 0 0 0 0]
[1 0 0 0 0 0]
[0 0 0 0 1 0]
[0 0 0 1 0 0]
[0 0 0 0 0 1]

Diagonal matrix is:
[ 1  0  0  0  0  0]
[ 0  1  0  0  0  0]
[ 0  0  1  0  0  0]
[ 0  0  0  1  0  0]
[ 0  0  0  0 -1  0]
[ 0  0  0  0  0 -1]

Point counts are [
    [ 79, 3 ],
    [ 306, 5 ],
    [ 834, 7 ],
    [ 3068, 11 ],
    [ 5018, 13 ],
    [ 11008, 17 ]
]

Good point counts are [
    [ 79, 3 ],
    [ 306, 5 ],
    [ 834, 7 ],
    [ 3068, 11 ],
    [ 5018, 13 ],
    [ 11008, 17 ]
]

Level of weight 4 newform is [ 0, 0, 0 ]

not modular


---------------------------------------------------------


Transformation matrix is:
[0 0 1 0 0 0]
[0 1 0 0 0 0]
[1 0 0 0 0 0]
[0 0 0 0 0 1]
[0 0 0 0 1 0]
[0 0 0 1 0 0]

Diagonal matrix is:
[ 1  0  0  0  0  0]
[ 0  1  0  0  0  0]
[ 0  0  1  0  0  0]
[ 0  0  0  1  0  0]
[ 0  0  0  0 -1  0]
[ 0  0  0  0  0 -1]

Point counts are [
    [ 79, 3 ],
    [ 306, 5 ],
    [ 834, 7 ],
    [ 3068, 11 ],
    [ 5018, 13 ],
    [ 11008, 17 ]
]

Good point counts are [
    [ 79, 3 ],
    [ 306, 5 ],
    [ 834, 7 ],
    [ 3068, 11 ],
    [ 5018, 13 ],
    [ 11008, 17 ]
]

Level of weight 4 newform is [ 0, 0, 0 ]

not modular


---------------------------------------------------------


Transformation matrix is:
[0 0 1 0 0 0]
[0 0 0 1 0 0]
[1 0 0 0 0 0]
[0 1 0 0 0 0]
[0 0 0 0 1 0]
[0 0 0 0 0 1]

Diagonal matrix is:
[ 1  0  0  0  0  0]
[ 0  1  0  0  0  0]
[ 0  0  1  0  0  0]
[ 0  0  0  1  0  0]
[ 0  0  0  0 -1  0]
[ 0  0  0  0  0 -1]

Point counts are [
    [ 79, 3 ],
    [ 306, 5 ],
    [ 834, 7 ],
    [ 3068, 11 ],
    [ 5018, 13 ],
    [ 11008, 17 ]
]

Good point counts are [
    [ 79, 3 ],
    [ 306, 5 ],
    [ 834, 7 ],
    [ 3068, 11 ],
    [ 5018, 13 ],
    [ 11008, 17 ]
]

Level of weight 4 newform is [ 0, 0, 0 ]

not modular


---------------------------------------------------------


Transformation matrix is:
[0 0 1 0 0 0]
[0 0 0 1 0 0]
[1 0 0 0 0 0]
[0 1 0 0 0 0]
[0 0 0 0 0 1]
[0 0 0 0 1 0]

Diagonal matrix is:
[ 1  0  0  0  0  0]
[ 0  1  0  0  0  0]
[ 0  0  1  0  0  0]
[ 0  0  0 -1  0  0]
[ 0  0  0  0 -1  0]
[ 0  0  0  0  0 -1]

Point counts are [
    [ 94, 3 ],
    [ 331, 5 ],
    [ 890, 7 ],
    [ 3202, 11 ],
    [ 5162, 13 ],
    [ 11272, 17 ]
]

Good point counts are [
    [ 94, 3 ],
    [ 331, 5 ],
    [ 890, 7 ],
    [ 3202, 11 ],
    [ 5162, 13 ],
    [ 11272, 17 ]
]

Level of weight 4 newform is [ 0, 0, 0 ]

not modular


---------------------------------------------------------


Transformation matrix is:
[0 0 1 0 0 0]
[0 0 0 0 1 0]
[1 0 0 0 0 0]
[0 0 0 1 0 0]
[0 1 0 0 0 0]
[0 0 0 0 0 1]

Diagonal matrix is:
[ 1  0  0  0  0  0]
[ 0  1  0  0  0  0]
[ 0  0  1  0  0  0]
[ 0  0  0  1  0  0]
[ 0  0  0  0 -1  0]
[ 0  0  0  0  0 -1]

Point counts are [
    [ 79, 3 ],
    [ 306, 5 ],
    [ 834, 7 ],
    [ 3068, 11 ],
    [ 5018, 13 ],
    [ 11008, 17 ]
]

Good point counts are [
    [ 79, 3 ],
    [ 306, 5 ],
    [ 834, 7 ],
    [ 3068, 11 ],
    [ 5018, 13 ],
    [ 11008, 17 ]
]

Level of weight 4 newform is [ 0, 0, 0 ]

not modular


---------------------------------------------------------


Transformation matrix is:
[0 0 1 0 0 0]
[0 0 0 0 1 0]
[1 0 0 0 0 0]
[0 0 0 0 0 1]
[0 1 0 0 0 0]
[0 0 0 1 0 0]

Diagonal matrix is:
[ 1  0  0  0  0  0]
[ 0  1  0  0  0  0]
[ 0  0  1  0  0  0]
[ 0  0  0 -1  0  0]
[ 0  0  0  0 -1  0]
[ 0  0  0  0  0 -1]

Point counts are [
    [ 94, 3 ],
    [ 331, 5 ],
    [ 890, 7 ],
    [ 3202, 11 ],
    [ 5162, 13 ],
    [ 11272, 17 ]
]

Good point counts are [
    [ 94, 3 ],
    [ 331, 5 ],
    [ 890, 7 ],
    [ 3202, 11 ],
    [ 5162, 13 ],
    [ 11272, 17 ]
]

Level of weight 4 newform is [ 0, 0, 0 ]

not modular


---------------------------------------------------------


Transformation matrix is:
[0 0 1 0 0 0]
[0 0 0 0 0 1]
[1 0 0 0 0 0]
[0 0 0 1 0 0]
[0 0 0 0 1 0]
[0 1 0 0 0 0]

Diagonal matrix is:
[ 1  0  0  0  0  0]
[ 0  1  0  0  0  0]
[ 0  0  1  0  0  0]
[ 0  0  0  1  0  0]
[ 0  0  0  0 -1  0]
[ 0  0  0  0  0 -1]

Point counts are [
    [ 79, 3 ],
    [ 306, 5 ],
    [ 834, 7 ],
    [ 3068, 11 ],
    [ 5018, 13 ],
    [ 11008, 17 ]
]

Good point counts are [
    [ 79, 3 ],
    [ 306, 5 ],
    [ 834, 7 ],
    [ 3068, 11 ],
    [ 5018, 13 ],
    [ 11008, 17 ]
]

Level of weight 4 newform is [ 0, 0, 0 ]

not modular


---------------------------------------------------------


Transformation matrix is:
[0 0 1 0 0 0]
[0 0 0 0 0 1]
[1 0 0 0 0 0]
[0 0 0 0 1 0]
[0 0 0 1 0 0]
[0 1 0 0 0 0]

Diagonal matrix is:
[ 1  0  0  0  0  0]
[ 0  1  0  0  0  0]
[ 0  0  1  0  0  0]
[ 0  0  0 -1  0  0]
[ 0  0  0  0 -1  0]
[ 0  0  0  0  0 -1]

Point counts are [
    [ 94, 3 ],
    [ 331, 5 ],
    [ 890, 7 ],
    [ 3202, 11 ],
    [ 5162, 13 ],
    [ 11272, 17 ]
]

Good point counts are [
    [ 94, 3 ],
    [ 331, 5 ],
    [ 890, 7 ],
    [ 3202, 11 ],
    [ 5162, 13 ],
    [ 11272, 17 ]
]

Level of weight 4 newform is [ 0, 0, 0 ]

not modular


---------------------------------------------------------


Transformation matrix is:
[0 0 0 1 0 0]
[0 1 0 0 0 0]
[0 0 1 0 0 0]
[1 0 0 0 0 0]
[0 0 0 0 1 0]
[0 0 0 0 0 1]

Diagonal matrix is:
[ 1  0  0  0  0  0]
[ 0  1  0  0  0  0]
[ 0  0  1  0  0  0]
[ 0  0  0  1  0  0]
[ 0  0  0  0  1  0]
[ 0  0  0  0  0 -1]

Point counts are [
    [ 82, 3 ],
    [ 301, 5 ],
    [ 806, 7 ],
    [ 2982, 11 ],
    [ 4902, 13 ],
    [ 10728, 17 ]
]

Good point counts are [
    [ 82, 3 ],
    [ 301, 5 ],
    [ 806, 7 ],
    [ 2982, 11 ],
    [ 4902, 13 ],
    [ 10728, 17 ]
]

Level of weight 4 newform is [ 0, 0, 0 ]

not modular


---------------------------------------------------------


Transformation matrix is:
[0 0 0 1 0 0]
[0 1 0 0 0 0]
[0 0 1 0 0 0]
[1 0 0 0 0 0]
[0 0 0 0 0 1]
[0 0 0 0 1 0]

Diagonal matrix is:
[ 1  0  0  0  0  0]
[ 0  1  0  0  0  0]
[ 0  0  1  0  0  0]
[ 0  0  0  1  0  0]
[ 0  0  0  0 -1  0]
[ 0  0  0  0  0 -1]

Point counts are [
    [ 79, 3 ],
    [ 306, 5 ],
    [ 834, 7 ],
    [ 3068, 11 ],
    [ 5018, 13 ],
    [ 11008, 17 ]
]

Good point counts are [
    [ 79, 3 ],
    [ 306, 5 ],
    [ 834, 7 ],
    [ 3068, 11 ],
    [ 5018, 13 ],
    [ 11008, 17 ]
]

Level of weight 4 newform is [ 0, 0, 0 ]

not modular


---------------------------------------------------------


Transformation matrix is:
[0 0 0 1 0 0]
[0 1 0 0 0 0]
[0 0 0 0 1 0]
[1 0 0 0 0 0]
[0 0 1 0 0 0]
[0 0 0 0 0 1]

Diagonal matrix is:
[ 1  0  0  0  0  0]
[ 0  1  0  0  0  0]
[ 0  0  1  0  0  0]
[ 0  0  0  1  0  0]
[ 0  0  0  0 -1  0]
[ 0  0  0  0  0 -1]

Point counts are [
    [ 79, 3 ],
    [ 306, 5 ],
    [ 834, 7 ],
    [ 3068, 11 ],
    [ 5018, 13 ],
    [ 11008, 17 ]
]

Good point counts are [
    [ 79, 3 ],
    [ 306, 5 ],
    [ 834, 7 ],
    [ 3068, 11 ],
    [ 5018, 13 ],
    [ 11008, 17 ]
]

Level of weight 4 newform is [ 0, 0, 0 ]

not modular


---------------------------------------------------------


Transformation matrix is:
[0 0 0 1 0 0]
[0 1 0 0 0 0]
[0 0 0 0 0 1]
[1 0 0 0 0 0]
[0 0 0 0 1 0]
[0 0 1 0 0 0]

Diagonal matrix is:
[ 1  0  0  0  0  0]
[ 0  1  0  0  0  0]
[ 0  0  1  0  0  0]
[ 0  0  0  1  0  0]
[ 0  0  0  0 -1  0]
[ 0  0  0  0  0 -1]

Point counts are [
    [ 79, 3 ],
    [ 306, 5 ],
    [ 834, 7 ],
    [ 3068, 11 ],
    [ 5018, 13 ],
    [ 11008, 17 ]
]

Good point counts are [
    [ 79, 3 ],
    [ 306, 5 ],
    [ 834, 7 ],
    [ 3068, 11 ],
    [ 5018, 13 ],
    [ 11008, 17 ]
]

Level of weight 4 newform is [ 0, 0, 0 ]

not modular


---------------------------------------------------------


Transformation matrix is:
[0 0 0 1 0 0]
[0 0 1 0 0 0]
[0 1 0 0 0 0]
[1 0 0 0 0 0]
[0 0 0 0 1 0]
[0 0 0 0 0 1]

Diagonal matrix is:
[ 1  0  0  0  0  0]
[ 0  1  0  0  0  0]
[ 0  0  1  0  0  0]
[ 0  0  0  1  0  0]
[ 0  0  0  0 -1  0]
[ 0  0  0  0  0 -1]

Point counts are [
    [ 79, 3 ],
    [ 306, 5 ],
    [ 834, 7 ],
    [ 3068, 11 ],
    [ 5018, 13 ],
    [ 11008, 17 ]
]

Good point counts are [
    [ 79, 3 ],
    [ 306, 5 ],
    [ 834, 7 ],
    [ 3068, 11 ],
    [ 5018, 13 ],
    [ 11008, 17 ]
]

Level of weight 4 newform is [ 0, 0, 0 ]

not modular


---------------------------------------------------------


Transformation matrix is:
[0 0 0 1 0 0]
[0 0 1 0 0 0]
[0 1 0 0 0 0]
[1 0 0 0 0 0]
[0 0 0 0 0 1]
[0 0 0 0 1 0]

Diagonal matrix is:
[ 1  0  0  0  0  0]
[ 0  1  0  0  0  0]
[ 0  0  1  0  0  0]
[ 0  0  0 -1  0  0]
[ 0  0  0  0 -1  0]
[ 0  0  0  0  0 -1]

Point counts are [
    [ 94, 3 ],
    [ 331, 5 ],
    [ 890, 7 ],
    [ 3202, 11 ],
    [ 5162, 13 ],
    [ 11272, 17 ]
]

Good point counts are [
    [ 94, 3 ],
    [ 331, 5 ],
    [ 890, 7 ],
    [ 3202, 11 ],
    [ 5162, 13 ],
    [ 11272, 17 ]
]

Level of weight 4 newform is [ 0, 0, 0 ]

not modular


---------------------------------------------------------


Transformation matrix is:
[0 0 0 1 0 0]
[0 0 0 0 1 0]
[0 0 1 0 0 0]
[1 0 0 0 0 0]
[0 1 0 0 0 0]
[0 0 0 0 0 1]

Diagonal matrix is:
[ 1  0  0  0  0  0]
[ 0  1  0  0  0  0]
[ 0  0  1  0  0  0]
[ 0  0  0  1  0  0]
[ 0  0  0  0 -1  0]
[ 0  0  0  0  0 -1]

Point counts are [
    [ 79, 3 ],
    [ 306, 5 ],
    [ 834, 7 ],
    [ 3068, 11 ],
    [ 5018, 13 ],
    [ 11008, 17 ]
]

Good point counts are [
    [ 79, 3 ],
    [ 306, 5 ],
    [ 834, 7 ],
    [ 3068, 11 ],
    [ 5018, 13 ],
    [ 11008, 17 ]
]

Level of weight 4 newform is [ 0, 0, 0 ]

not modular


---------------------------------------------------------


Transformation matrix is:
[0 0 0 1 0 0]
[0 0 0 0 1 0]
[0 0 0 0 0 1]
[1 0 0 0 0 0]
[0 1 0 0 0 0]
[0 0 1 0 0 0]

Diagonal matrix is:
[ 1  0  0  0  0  0]
[ 0  1  0  0  0  0]
[ 0  0  1  0  0  0]
[ 0  0  0 -1  0  0]
[ 0  0  0  0 -1  0]
[ 0  0  0  0  0 -1]

Point counts are [
    [ 94, 3 ],
    [ 331, 5 ],
    [ 890, 7 ],
    [ 3202, 11 ],
    [ 5162, 13 ],
    [ 11272, 17 ]
]

Good point counts are [
    [ 94, 3 ],
    [ 331, 5 ],
    [ 890, 7 ],
    [ 3202, 11 ],
    [ 5162, 13 ],
    [ 11272, 17 ]
]

Level of weight 4 newform is [ 0, 0, 0 ]

not modular


---------------------------------------------------------


Transformation matrix is:
[0 0 0 1 0 0]
[0 0 0 0 0 1]
[0 0 1 0 0 0]
[1 0 0 0 0 0]
[0 0 0 0 1 0]
[0 1 0 0 0 0]

Diagonal matrix is:
[ 1  0  0  0  0  0]
[ 0  1  0  0  0  0]
[ 0  0  1  0  0  0]
[ 0  0  0  1  0  0]
[ 0  0  0  0 -1  0]
[ 0  0  0  0  0 -1]

Point counts are [
    [ 79, 3 ],
    [ 306, 5 ],
    [ 834, 7 ],
    [ 3068, 11 ],
    [ 5018, 13 ],
    [ 11008, 17 ]
]

Good point counts are [
    [ 79, 3 ],
    [ 306, 5 ],
    [ 834, 7 ],
    [ 3068, 11 ],
    [ 5018, 13 ],
    [ 11008, 17 ]
]

Level of weight 4 newform is [ 0, 0, 0 ]

not modular


---------------------------------------------------------


Transformation matrix is:
[0 0 0 1 0 0]
[0 0 0 0 0 1]
[0 0 0 0 1 0]
[1 0 0 0 0 0]
[0 0 1 0 0 0]
[0 1 0 0 0 0]

Diagonal matrix is:
[ 1  0  0  0  0  0]
[ 0  1  0  0  0  0]
[ 0  0  1  0  0  0]
[ 0  0  0 -1  0  0]
[ 0  0  0  0 -1  0]
[ 0  0  0  0  0 -1]

Point counts are [
    [ 94, 3 ],
    [ 331, 5 ],
    [ 890, 7 ],
    [ 3202, 11 ],
    [ 5162, 13 ],
    [ 11272, 17 ]
]

Good point counts are [
    [ 94, 3 ],
    [ 331, 5 ],
    [ 890, 7 ],
    [ 3202, 11 ],
    [ 5162, 13 ],
    [ 11272, 17 ]
]

Level of weight 4 newform is [ 0, 0, 0 ]

not modular


---------------------------------------------------------


Transformation matrix is:
[0 0 0 0 1 0]
[0 1 0 0 0 0]
[0 0 1 0 0 0]
[0 0 0 1 0 0]
[1 0 0 0 0 0]
[0 0 0 0 0 1]

Diagonal matrix is:
[ 1  0  0  0  0  0]
[ 0  1  0  0  0  0]
[ 0  0  1  0  0  0]
[ 0  0  0  1  0  0]
[ 0  0  0  0  1  0]
[ 0  0  0  0  0 -1]

Point counts are [
    [ 82, 3 ],
    [ 301, 5 ],
    [ 806, 7 ],
    [ 2982, 11 ],
    [ 4902, 13 ],
    [ 10728, 17 ]
]

Good point counts are [
    [ 82, 3 ],
    [ 301, 5 ],
    [ 806, 7 ],
    [ 2982, 11 ],
    [ 4902, 13 ],
    [ 10728, 17 ]
]

Level of weight 4 newform is [ 0, 0, 0 ]

not modular


---------------------------------------------------------


Transformation matrix is:
[0 0 0 0 1 0]
[0 1 0 0 0 0]
[0 0 1 0 0 0]
[0 0 0 0 0 1]
[1 0 0 0 0 0]
[0 0 0 1 0 0]

Diagonal matrix is:
[ 1  0  0  0  0  0]
[ 0  1  0  0  0  0]
[ 0  0  1  0  0  0]
[ 0  0  0  1  0  0]
[ 0  0  0  0 -1  0]
[ 0  0  0  0  0 -1]

Point counts are [
    [ 79, 3 ],
    [ 306, 5 ],
    [ 834, 7 ],
    [ 3068, 11 ],
    [ 5018, 13 ],
    [ 11008, 17 ]
]

Good point counts are [
    [ 79, 3 ],
    [ 306, 5 ],
    [ 834, 7 ],
    [ 3068, 11 ],
    [ 5018, 13 ],
    [ 11008, 17 ]
]

Level of weight 4 newform is [ 0, 0, 0 ]

not modular


---------------------------------------------------------


Transformation matrix is:
[0 0 0 0 1 0]
[0 1 0 0 0 0]
[0 0 0 1 0 0]
[0 0 1 0 0 0]
[1 0 0 0 0 0]
[0 0 0 0 0 1]

Diagonal matrix is:
[ 1  0  0  0  0  0]
[ 0  1  0  0  0  0]
[ 0  0  1  0  0  0]
[ 0  0  0  1  0  0]
[ 0  0  0  0 -1  0]
[ 0  0  0  0  0 -1]

Point counts are [
    [ 79, 3 ],
    [ 306, 5 ],
    [ 834, 7 ],
    [ 3068, 11 ],
    [ 5018, 13 ],
    [ 11008, 17 ]
]

Good point counts are [
    [ 79, 3 ],
    [ 306, 5 ],
    [ 834, 7 ],
    [ 3068, 11 ],
    [ 5018, 13 ],
    [ 11008, 17 ]
]

Level of weight 4 newform is [ 0, 0, 0 ]

not modular


---------------------------------------------------------


Transformation matrix is:
[0 0 0 0 1 0]
[0 1 0 0 0 0]
[0 0 0 0 0 1]
[0 0 0 1 0 0]
[1 0 0 0 0 0]
[0 0 1 0 0 0]

Diagonal matrix is:
[ 1  0  0  0  0  0]
[ 0  1  0  0  0  0]
[ 0  0  1  0  0  0]
[ 0  0  0  1  0  0]
[ 0  0  0  0 -1  0]
[ 0  0  0  0  0 -1]

Point counts are [
    [ 79, 3 ],
    [ 306, 5 ],
    [ 834, 7 ],
    [ 3068, 11 ],
    [ 5018, 13 ],
    [ 11008, 17 ]
]

Good point counts are [
    [ 79, 3 ],
    [ 306, 5 ],
    [ 834, 7 ],
    [ 3068, 11 ],
    [ 5018, 13 ],
    [ 11008, 17 ]
]

Level of weight 4 newform is [ 0, 0, 0 ]

not modular


---------------------------------------------------------


Transformation matrix is:
[0 0 0 0 1 0]
[0 0 1 0 0 0]
[0 1 0 0 0 0]
[0 0 0 1 0 0]
[1 0 0 0 0 0]
[0 0 0 0 0 1]

Diagonal matrix is:
[ 1  0  0  0  0  0]
[ 0  1  0  0  0  0]
[ 0  0  1  0  0  0]
[ 0  0  0  1  0  0]
[ 0  0  0  0 -1  0]
[ 0  0  0  0  0 -1]

Point counts are [
    [ 79, 3 ],
    [ 306, 5 ],
    [ 834, 7 ],
    [ 3068, 11 ],
    [ 5018, 13 ],
    [ 11008, 17 ]
]

Good point counts are [
    [ 79, 3 ],
    [ 306, 5 ],
    [ 834, 7 ],
    [ 3068, 11 ],
    [ 5018, 13 ],
    [ 11008, 17 ]
]

Level of weight 4 newform is [ 0, 0, 0 ]

not modular


---------------------------------------------------------


Transformation matrix is:
[0 0 0 0 1 0]
[0 0 1 0 0 0]
[0 1 0 0 0 0]
[0 0 0 0 0 1]
[1 0 0 0 0 0]
[0 0 0 1 0 0]

Diagonal matrix is:
[ 1  0  0  0  0  0]
[ 0  1  0  0  0  0]
[ 0  0  1  0  0  0]
[ 0  0  0 -1  0  0]
[ 0  0  0  0 -1  0]
[ 0  0  0  0  0 -1]

Point counts are [
    [ 94, 3 ],
    [ 331, 5 ],
    [ 890, 7 ],
    [ 3202, 11 ],
    [ 5162, 13 ],
    [ 11272, 17 ]
]

Good point counts are [
    [ 94, 3 ],
    [ 331, 5 ],
    [ 890, 7 ],
    [ 3202, 11 ],
    [ 5162, 13 ],
    [ 11272, 17 ]
]

Level of weight 4 newform is [ 0, 0, 0 ]

not modular


---------------------------------------------------------


Transformation matrix is:
[0 0 0 0 1 0]
[0 0 0 1 0 0]
[0 0 1 0 0 0]
[0 1 0 0 0 0]
[1 0 0 0 0 0]
[0 0 0 0 0 1]

Diagonal matrix is:
[ 1  0  0  0  0  0]
[ 0  1  0  0  0  0]
[ 0  0  1  0  0  0]
[ 0  0  0  1  0  0]
[ 0  0  0  0 -1  0]
[ 0  0  0  0  0 -1]

Point counts are [
    [ 79, 3 ],
    [ 306, 5 ],
    [ 834, 7 ],
    [ 3068, 11 ],
    [ 5018, 13 ],
    [ 11008, 17 ]
]

Good point counts are [
    [ 79, 3 ],
    [ 306, 5 ],
    [ 834, 7 ],
    [ 3068, 11 ],
    [ 5018, 13 ],
    [ 11008, 17 ]
]

Level of weight 4 newform is [ 0, 0, 0 ]

not modular


---------------------------------------------------------


Transformation matrix is:
[0 0 0 0 1 0]
[0 0 0 1 0 0]
[0 0 0 0 0 1]
[0 1 0 0 0 0]
[1 0 0 0 0 0]
[0 0 1 0 0 0]

Diagonal matrix is:
[ 1  0  0  0  0  0]
[ 0  1  0  0  0  0]
[ 0  0  1  0  0  0]
[ 0  0  0 -1  0  0]
[ 0  0  0  0 -1  0]
[ 0  0  0  0  0 -1]

Point counts are [
    [ 94, 3 ],
    [ 331, 5 ],
    [ 890, 7 ],
    [ 3202, 11 ],
    [ 5162, 13 ],
    [ 11272, 17 ]
]

Good point counts are [
    [ 94, 3 ],
    [ 331, 5 ],
    [ 890, 7 ],
    [ 3202, 11 ],
    [ 5162, 13 ],
    [ 11272, 17 ]
]

Level of weight 4 newform is [ 0, 0, 0 ]

not modular


---------------------------------------------------------


Transformation matrix is:
[0 0 0 0 1 0]
[0 0 0 0 0 1]
[0 0 1 0 0 0]
[0 0 0 1 0 0]
[1 0 0 0 0 0]
[0 1 0 0 0 0]

Diagonal matrix is:
[ 1  0  0  0  0  0]
[ 0  1  0  0  0  0]
[ 0  0  1  0  0  0]
[ 0  0  0  1  0  0]
[ 0  0  0  0 -1  0]
[ 0  0  0  0  0 -1]

Point counts are [
    [ 79, 3 ],
    [ 306, 5 ],
    [ 834, 7 ],
    [ 3068, 11 ],
    [ 5018, 13 ],
    [ 11008, 17 ]
]

Good point counts are [
    [ 79, 3 ],
    [ 306, 5 ],
    [ 834, 7 ],
    [ 3068, 11 ],
    [ 5018, 13 ],
    [ 11008, 17 ]
]

Level of weight 4 newform is [ 0, 0, 0 ]

not modular


---------------------------------------------------------


Transformation matrix is:
[0 0 0 0 1 0]
[0 0 0 0 0 1]
[0 0 0 1 0 0]
[0 0 1 0 0 0]
[1 0 0 0 0 0]
[0 1 0 0 0 0]

Diagonal matrix is:
[ 1  0  0  0  0  0]
[ 0  1  0  0  0  0]
[ 0  0  1  0  0  0]
[ 0  0  0 -1  0  0]
[ 0  0  0  0 -1  0]
[ 0  0  0  0  0 -1]

Point counts are [
    [ 94, 3 ],
    [ 331, 5 ],
    [ 890, 7 ],
    [ 3202, 11 ],
    [ 5162, 13 ],
    [ 11272, 17 ]
]

Good point counts are [
    [ 94, 3 ],
    [ 331, 5 ],
    [ 890, 7 ],
    [ 3202, 11 ],
    [ 5162, 13 ],
    [ 11272, 17 ]
]

Level of weight 4 newform is [ 0, 0, 0 ]

not modular


---------------------------------------------------------


Transformation matrix is:
[0 0 0 0 0 1]
[0 1 0 0 0 0]
[0 0 1 0 0 0]
[0 0 0 1 0 0]
[0 0 0 0 1 0]
[1 0 0 0 0 0]

Diagonal matrix is:
[ 1  0  0  0  0  0]
[ 0  1  0  0  0  0]
[ 0  0  1  0  0  0]
[ 0  0  0  1  0  0]
[ 0  0  0  0  1  0]
[ 0  0  0  0  0 -1]

Point counts are [
    [ 82, 3 ],
    [ 301, 5 ],
    [ 806, 7 ],
    [ 2982, 11 ],
    [ 4902, 13 ],
    [ 10728, 17 ]
]

Good point counts are [
    [ 82, 3 ],
    [ 301, 5 ],
    [ 806, 7 ],
    [ 2982, 11 ],
    [ 4902, 13 ],
    [ 10728, 17 ]
]

Level of weight 4 newform is [ 0, 0, 0 ]

not modular


---------------------------------------------------------


Transformation matrix is:
[0 0 0 0 0 1]
[0 1 0 0 0 0]
[0 0 1 0 0 0]
[0 0 0 0 1 0]
[0 0 0 1 0 0]
[1 0 0 0 0 0]

Diagonal matrix is:
[ 1  0  0  0  0  0]
[ 0  1  0  0  0  0]
[ 0  0  1  0  0  0]
[ 0  0  0  1  0  0]
[ 0  0  0  0 -1  0]
[ 0  0  0  0  0 -1]

Point counts are [
    [ 79, 3 ],
    [ 306, 5 ],
    [ 834, 7 ],
    [ 3068, 11 ],
    [ 5018, 13 ],
    [ 11008, 17 ]
]

Good point counts are [
    [ 79, 3 ],
    [ 306, 5 ],
    [ 834, 7 ],
    [ 3068, 11 ],
    [ 5018, 13 ],
    [ 11008, 17 ]
]

Level of weight 4 newform is [ 0, 0, 0 ]

not modular


---------------------------------------------------------


Transformation matrix is:
[0 0 0 0 0 1]
[0 1 0 0 0 0]
[0 0 0 1 0 0]
[0 0 1 0 0 0]
[0 0 0 0 1 0]
[1 0 0 0 0 0]

Diagonal matrix is:
[ 1  0  0  0  0  0]
[ 0  1  0  0  0  0]
[ 0  0  1  0  0  0]
[ 0  0  0  1  0  0]
[ 0  0  0  0 -1  0]
[ 0  0  0  0  0 -1]

Point counts are [
    [ 79, 3 ],
    [ 306, 5 ],
    [ 834, 7 ],
    [ 3068, 11 ],
    [ 5018, 13 ],
    [ 11008, 17 ]
]

Good point counts are [
    [ 79, 3 ],
    [ 306, 5 ],
    [ 834, 7 ],
    [ 3068, 11 ],
    [ 5018, 13 ],
    [ 11008, 17 ]
]

Level of weight 4 newform is [ 0, 0, 0 ]

not modular


---------------------------------------------------------


Transformation matrix is:
[0 0 0 0 0 1]
[0 1 0 0 0 0]
[0 0 0 0 1 0]
[0 0 0 1 0 0]
[0 0 1 0 0 0]
[1 0 0 0 0 0]

Diagonal matrix is:
[ 1  0  0  0  0  0]
[ 0  1  0  0  0  0]
[ 0  0  1  0  0  0]
[ 0  0  0  1  0  0]
[ 0  0  0  0 -1  0]
[ 0  0  0  0  0 -1]

Point counts are [
    [ 79, 3 ],
    [ 306, 5 ],
    [ 834, 7 ],
    [ 3068, 11 ],
    [ 5018, 13 ],
    [ 11008, 17 ]
]

Good point counts are [
    [ 79, 3 ],
    [ 306, 5 ],
    [ 834, 7 ],
    [ 3068, 11 ],
    [ 5018, 13 ],
    [ 11008, 17 ]
]

Level of weight 4 newform is [ 0, 0, 0 ]

not modular


---------------------------------------------------------


Transformation matrix is:
[0 0 0 0 0 1]
[0 0 1 0 0 0]
[0 1 0 0 0 0]
[0 0 0 1 0 0]
[0 0 0 0 1 0]
[1 0 0 0 0 0]

Diagonal matrix is:
[ 1  0  0  0  0  0]
[ 0  1  0  0  0  0]
[ 0  0  1  0  0  0]
[ 0  0  0  1  0  0]
[ 0  0  0  0 -1  0]
[ 0  0  0  0  0 -1]

Point counts are [
    [ 79, 3 ],
    [ 306, 5 ],
    [ 834, 7 ],
    [ 3068, 11 ],
    [ 5018, 13 ],
    [ 11008, 17 ]
]

Good point counts are [
    [ 79, 3 ],
    [ 306, 5 ],
    [ 834, 7 ],
    [ 3068, 11 ],
    [ 5018, 13 ],
    [ 11008, 17 ]
]

Level of weight 4 newform is [ 0, 0, 0 ]

not modular


---------------------------------------------------------


Transformation matrix is:
[0 0 0 0 0 1]
[0 0 1 0 0 0]
[0 1 0 0 0 0]
[0 0 0 0 1 0]
[0 0 0 1 0 0]
[1 0 0 0 0 0]

Diagonal matrix is:
[ 1  0  0  0  0  0]
[ 0  1  0  0  0  0]
[ 0  0  1  0  0  0]
[ 0  0  0 -1  0  0]
[ 0  0  0  0 -1  0]
[ 0  0  0  0  0 -1]

Point counts are [
    [ 94, 3 ],
    [ 331, 5 ],
    [ 890, 7 ],
    [ 3202, 11 ],
    [ 5162, 13 ],
    [ 11272, 17 ]
]

Good point counts are [
    [ 94, 3 ],
    [ 331, 5 ],
    [ 890, 7 ],
    [ 3202, 11 ],
    [ 5162, 13 ],
    [ 11272, 17 ]
]

Level of weight 4 newform is [ 0, 0, 0 ]

not modular


---------------------------------------------------------


Transformation matrix is:
[0 0 0 0 0 1]
[0 0 0 1 0 0]
[0 0 1 0 0 0]
[0 1 0 0 0 0]
[0 0 0 0 1 0]
[1 0 0 0 0 0]

Diagonal matrix is:
[ 1  0  0  0  0  0]
[ 0  1  0  0  0  0]
[ 0  0  1  0  0  0]
[ 0  0  0  1  0  0]
[ 0  0  0  0 -1  0]
[ 0  0  0  0  0 -1]

Point counts are [
    [ 79, 3 ],
    [ 306, 5 ],
    [ 834, 7 ],
    [ 3068, 11 ],
    [ 5018, 13 ],
    [ 11008, 17 ]
]

Good point counts are [
    [ 79, 3 ],
    [ 306, 5 ],
    [ 834, 7 ],
    [ 3068, 11 ],
    [ 5018, 13 ],
    [ 11008, 17 ]
]

Level of weight 4 newform is [ 0, 0, 0 ]

not modular


---------------------------------------------------------


Transformation matrix is:
[0 0 0 0 0 1]
[0 0 0 1 0 0]
[0 0 0 0 1 0]
[0 1 0 0 0 0]
[0 0 1 0 0 0]
[1 0 0 0 0 0]

Diagonal matrix is:
[ 1  0  0  0  0  0]
[ 0  1  0  0  0  0]
[ 0  0  1  0  0  0]
[ 0  0  0 -1  0  0]
[ 0  0  0  0 -1  0]
[ 0  0  0  0  0 -1]

Point counts are [
    [ 94, 3 ],
    [ 331, 5 ],
    [ 890, 7 ],
    [ 3202, 11 ],
    [ 5162, 13 ],
    [ 11272, 17 ]
]

Good point counts are [
    [ 94, 3 ],
    [ 331, 5 ],
    [ 890, 7 ],
    [ 3202, 11 ],
    [ 5162, 13 ],
    [ 11272, 17 ]
]

Level of weight 4 newform is [ 0, 0, 0 ]

not modular


---------------------------------------------------------


Transformation matrix is:
[0 0 0 0 0 1]
[0 0 0 0 1 0]
[0 0 1 0 0 0]
[0 0 0 1 0 0]
[0 1 0 0 0 0]
[1 0 0 0 0 0]

Diagonal matrix is:
[ 1  0  0  0  0  0]
[ 0  1  0  0  0  0]
[ 0  0  1  0  0  0]
[ 0  0  0  1  0  0]
[ 0  0  0  0 -1  0]
[ 0  0  0  0  0 -1]

Point counts are [
    [ 79, 3 ],
    [ 306, 5 ],
    [ 834, 7 ],
    [ 3068, 11 ],
    [ 5018, 13 ],
    [ 11008, 17 ]
]

Good point counts are [
    [ 79, 3 ],
    [ 306, 5 ],
    [ 834, 7 ],
    [ 3068, 11 ],
    [ 5018, 13 ],
    [ 11008, 17 ]
]

Level of weight 4 newform is [ 0, 0, 0 ]

not modular


---------------------------------------------------------


Transformation matrix is:
[0 0 0 0 0 1]
[0 0 0 0 1 0]
[0 0 0 1 0 0]
[0 0 1 0 0 0]
[0 1 0 0 0 0]
[1 0 0 0 0 0]

Diagonal matrix is:
[ 1  0  0  0  0  0]
[ 0  1  0  0  0  0]
[ 0  0  1  0  0  0]
[ 0  0  0 -1  0  0]
[ 0  0  0  0 -1  0]
[ 0  0  0  0  0 -1]

Point counts are [
    [ 94, 3 ],
    [ 331, 5 ],
    [ 890, 7 ],
    [ 3202, 11 ],
    [ 5162, 13 ],
    [ 11272, 17 ]
]

Good point counts are [
    [ 94, 3 ],
    [ 331, 5 ],
    [ 890, 7 ],
    [ 3202, 11 ],
    [ 5162, 13 ],
    [ 11272, 17 ]
]

Level of weight 4 newform is [ 0, 0, 0 ]

not modular


---------------------------------------------------------
