Transformation matrix is:
[0 1 0 0 0 0]
[1 0 0 0 0 0]
[0 0 0 1 0 0]
[0 0 1 0 0 0]
[0 0 0 0 1 0]
[0 0 0 0 0 1]

Diagonal matrix is:
[ 1  0  0  0  0  0]
[ 0  1  0  0  0  0]
[ 0  0  1  0  0  0]
[ 0  0  0  1  0  0]
[ 0  0  0  0 -1  0]
[ 0  0  0  0  0 -1]

Point counts are [
    [ 79, 3 ],
    [ 330, 5 ],
    [ 652, 7 ],
    [ 2106, 11 ],
    [ 3560, 13 ],
    [ 7550, 17 ]
]

Good point counts are [
    [ 79, 3 ],
    [ 330, 5 ],
    [ 652, 7 ],
    [ 2106, 11 ],
    [ 3560, 13 ],
    [ 7550, 17 ]
]

Level of weight 4 newform is [ 21, 2, 1 ]

First coefficient can be obtained from:  [ <16, 3>, <40, 5>, <43, 7>, <76, 11>,
<100, 13>, <160, 17> ]
Second coefficient is  <[ 0, 0, 0, 0, 0, 0 ], [ <0, 5>, <-13, 7>, <-12, 11>,
<-4, 13>, <24, 17> ]>


---------------------------------------------------------


Transformation matrix is:
[0 1 0 0 0 0]
[1 0 0 0 0 0]
[0 0 0 1 0 0]
[0 0 1 0 0 0]
[0 0 0 0 0 1]
[0 0 0 0 1 0]

Diagonal matrix is:
[ 1  0  0  0  0  0]
[ 0  1  0  0  0  0]
[ 0  0  1  0  0  0]
[ 0  0  0 -1  0  0]
[ 0  0  0  0 -1  0]
[ 0  0  0  0  0 -1]

Point counts are [
    [ 94, 3 ],
    [ 346, 5 ],
    [ 743, 7 ],
    [ 2344, 11 ],
    [ 3836, 13 ],
    [ 8110, 17 ]
]

Good point counts are [
    [ 94, 3 ],
    [ 346, 5 ],
    [ 743, 7 ],
    [ 2344, 11 ],
    [ 3836, 13 ],
    [ 8110, 17 ]
]

Level of weight 4 newform is [ 0, 0, 0 ]

not modular


---------------------------------------------------------


Transformation matrix is:
[0 1 0 0 0 0]
[1 0 0 0 0 0]
[0 0 0 0 1 0]
[0 0 0 1 0 0]
[0 0 1 0 0 0]
[0 0 0 0 0 1]

Diagonal matrix is:
[ 1  0  0  0  0  0]
[ 0  1  0  0  0  0]
[ 0  0  1  0  0  0]
[ 0  0  0  1  0  0]
[ 0  0  0  0 -1  0]
[ 0  0  0  0  0 -1]

Point counts are [
    [ 79, 3 ],
    [ 330, 5 ],
    [ 652, 7 ],
    [ 2106, 11 ],
    [ 3560, 13 ],
    [ 7550, 17 ]
]

Good point counts are [
    [ 79, 3 ],
    [ 330, 5 ],
    [ 652, 7 ],
    [ 2106, 11 ],
    [ 3560, 13 ],
    [ 7550, 17 ]
]

Level of weight 4 newform is [ 21, 2, 1 ]

First coefficient can be obtained from:  [ <16, 3>, <40, 5>, <43, 7>, <76, 11>,
<100, 13>, <160, 17> ]
Second coefficient is  <[ 0, 0, 0, 0, 0, 0 ], [ <0, 5>, <-13, 7>, <-12, 11>,
<-4, 13>, <24, 17> ]>


---------------------------------------------------------


Transformation matrix is:
[0 1 0 0 0 0]
[1 0 0 0 0 0]
[0 0 0 0 1 0]
[0 0 0 0 0 1]
[0 0 1 0 0 0]
[0 0 0 1 0 0]

Diagonal matrix is:
[ 1  0  0  0  0  0]
[ 0  1  0  0  0  0]
[ 0  0  1  0  0  0]
[ 0  0  0 -1  0  0]
[ 0  0  0  0 -1  0]
[ 0  0  0  0  0 -1]

Point counts are [
    [ 94, 3 ],
    [ 346, 5 ],
    [ 743, 7 ],
    [ 2344, 11 ],
    [ 3836, 13 ],
    [ 8110, 17 ]
]

Good point counts are [
    [ 94, 3 ],
    [ 346, 5 ],
    [ 743, 7 ],
    [ 2344, 11 ],
    [ 3836, 13 ],
    [ 8110, 17 ]
]

Level of weight 4 newform is [ 0, 0, 0 ]

not modular


---------------------------------------------------------


Transformation matrix is:
[0 1 0 0 0 0]
[1 0 0 0 0 0]
[0 0 0 0 0 1]
[0 0 0 1 0 0]
[0 0 0 0 1 0]
[0 0 1 0 0 0]

Diagonal matrix is:
[ 1  0  0  0  0  0]
[ 0  1  0  0  0  0]
[ 0  0  1  0  0  0]
[ 0  0  0  1  0  0]
[ 0  0  0  0 -1  0]
[ 0  0  0  0  0 -1]

Point counts are [
    [ 79, 3 ],
    [ 330, 5 ],
    [ 652, 7 ],
    [ 2106, 11 ],
    [ 3560, 13 ],
    [ 7550, 17 ]
]

Good point counts are [
    [ 79, 3 ],
    [ 330, 5 ],
    [ 652, 7 ],
    [ 2106, 11 ],
    [ 3560, 13 ],
    [ 7550, 17 ]
]

Level of weight 4 newform is [ 21, 2, 1 ]

First coefficient can be obtained from:  [ <16, 3>, <40, 5>, <43, 7>, <76, 11>,
<100, 13>, <160, 17> ]
Second coefficient is  <[ 0, 0, 0, 0, 0, 0 ], [ <0, 5>, <-13, 7>, <-12, 11>,
<-4, 13>, <24, 17> ]>


---------------------------------------------------------


Transformation matrix is:
[0 1 0 0 0 0]
[1 0 0 0 0 0]
[0 0 0 0 0 1]
[0 0 0 0 1 0]
[0 0 0 1 0 0]
[0 0 1 0 0 0]

Diagonal matrix is:
[ 1  0  0  0  0  0]
[ 0  1  0  0  0  0]
[ 0  0  1  0  0  0]
[ 0  0  0 -1  0  0]
[ 0  0  0  0 -1  0]
[ 0  0  0  0  0 -1]

Point counts are [
    [ 94, 3 ],
    [ 346, 5 ],
    [ 743, 7 ],
    [ 2344, 11 ],
    [ 3836, 13 ],
    [ 8110, 17 ]
]

Good point counts are [
    [ 94, 3 ],
    [ 346, 5 ],
    [ 743, 7 ],
    [ 2344, 11 ],
    [ 3836, 13 ],
    [ 8110, 17 ]
]

Level of weight 4 newform is [ 0, 0, 0 ]

not modular


---------------------------------------------------------


Transformation matrix is:
[0 0 1 0 0 0]
[0 1 0 0 0 0]
[1 0 0 0 0 0]
[0 0 0 1 0 0]
[0 0 0 0 1 0]
[0 0 0 0 0 1]

Diagonal matrix is:
[ 1  0  0  0  0  0]
[ 0  1  0  0  0  0]
[ 0  0  1  0  0  0]
[ 0  0  0  1  0  0]
[ 0  0  0  0  1  0]
[ 0  0  0  0  0 -1]

Point counts are [
    [ 82, 3 ],
    [ 306, 5 ],
    [ 673, 7 ],
    [ 2256, 11 ],
    [ 3524, 13 ],
    [ 7430, 17 ]
]

Good point counts are [
    [ 82, 3 ],
    [ 306, 5 ],
    [ 673, 7 ],
    [ 2256, 11 ],
    [ 3524, 13 ],
    [ 7430, 17 ]
]

Level of weight 4 newform is [ 0, 0, 0 ]

not modular


---------------------------------------------------------


Transformation matrix is:
[0 0 1 0 0 0]
[0 1 0 0 0 0]
[1 0 0 0 0 0]
[0 0 0 1 0 0]
[0 0 0 0 0 1]
[0 0 0 0 1 0]

Diagonal matrix is:
[ 1  0  0  0  0  0]
[ 0  1  0  0  0  0]
[ 0  0  1  0  0  0]
[ 0  0  0  1  0  0]
[ 0  0  0  0 -1  0]
[ 0  0  0  0  0 -1]

Point counts are [
    [ 79, 3 ],
    [ 330, 5 ],
    [ 652, 7 ],
    [ 2106, 11 ],
    [ 3560, 13 ],
    [ 7550, 17 ]
]

Good point counts are [
    [ 79, 3 ],
    [ 330, 5 ],
    [ 652, 7 ],
    [ 2106, 11 ],
    [ 3560, 13 ],
    [ 7550, 17 ]
]

Level of weight 4 newform is [ 21, 2, 1 ]

First coefficient can be obtained from:  [ <16, 3>, <40, 5>, <43, 7>, <76, 11>,
<100, 13>, <160, 17> ]
Second coefficient is  <[ 0, 0, 0, 0, 0, 0 ], [ <0, 5>, <-13, 7>, <-12, 11>,
<-4, 13>, <24, 17> ]>


---------------------------------------------------------


Transformation matrix is:
[0 0 1 0 0 0]
[0 1 0 0 0 0]
[1 0 0 0 0 0]
[0 0 0 0 1 0]
[0 0 0 1 0 0]
[0 0 0 0 0 1]

Diagonal matrix is:
[ 1  0  0  0  0  0]
[ 0  1  0  0  0  0]
[ 0  0  1  0  0  0]
[ 0  0  0  1  0  0]
[ 0  0  0  0 -1  0]
[ 0  0  0  0  0 -1]

Point counts are [
    [ 79, 3 ],
    [ 330, 5 ],
    [ 652, 7 ],
    [ 2106, 11 ],
    [ 3560, 13 ],
    [ 7550, 17 ]
]

Good point counts are [
    [ 79, 3 ],
    [ 330, 5 ],
    [ 652, 7 ],
    [ 2106, 11 ],
    [ 3560, 13 ],
    [ 7550, 17 ]
]

Level of weight 4 newform is [ 21, 2, 1 ]

First coefficient can be obtained from:  [ <16, 3>, <40, 5>, <43, 7>, <76, 11>,
<100, 13>, <160, 17> ]
Second coefficient is  <[ 0, 0, 0, 0, 0, 0 ], [ <0, 5>, <-13, 7>, <-12, 11>,
<-4, 13>, <24, 17> ]>


---------------------------------------------------------


Transformation matrix is:
[0 0 1 0 0 0]
[0 1 0 0 0 0]
[1 0 0 0 0 0]
[0 0 0 0 0 1]
[0 0 0 0 1 0]
[0 0 0 1 0 0]

Diagonal matrix is:
[ 1  0  0  0  0  0]
[ 0  1  0  0  0  0]
[ 0  0  1  0  0  0]
[ 0  0  0  1  0  0]
[ 0  0  0  0 -1  0]
[ 0  0  0  0  0 -1]

Point counts are [
    [ 79, 3 ],
    [ 330, 5 ],
    [ 652, 7 ],
    [ 2106, 11 ],
    [ 3560, 13 ],
    [ 7550, 17 ]
]

Good point counts are [
    [ 79, 3 ],
    [ 330, 5 ],
    [ 652, 7 ],
    [ 2106, 11 ],
    [ 3560, 13 ],
    [ 7550, 17 ]
]

Level of weight 4 newform is [ 21, 2, 1 ]

First coefficient can be obtained from:  [ <16, 3>, <40, 5>, <43, 7>, <76, 11>,
<100, 13>, <160, 17> ]
Second coefficient is  <[ 0, 0, 0, 0, 0, 0 ], [ <0, 5>, <-13, 7>, <-12, 11>,
<-4, 13>, <24, 17> ]>


---------------------------------------------------------


Transformation matrix is:
[0 0 1 0 0 0]
[0 0 0 1 0 0]
[1 0 0 0 0 0]
[0 1 0 0 0 0]
[0 0 0 0 1 0]
[0 0 0 0 0 1]

Diagonal matrix is:
[ 1  0  0  0  0  0]
[ 0  1  0  0  0  0]
[ 0  0  1  0  0  0]
[ 0  0  0  1  0  0]
[ 0  0  0  0 -1  0]
[ 0  0  0  0  0 -1]

Point counts are [
    [ 79, 3 ],
    [ 330, 5 ],
    [ 652, 7 ],
    [ 2106, 11 ],
    [ 3560, 13 ],
    [ 7550, 17 ]
]

Good point counts are [
    [ 79, 3 ],
    [ 330, 5 ],
    [ 652, 7 ],
    [ 2106, 11 ],
    [ 3560, 13 ],
    [ 7550, 17 ]
]

Level of weight 4 newform is [ 21, 2, 1 ]

First coefficient can be obtained from:  [ <16, 3>, <40, 5>, <43, 7>, <76, 11>,
<100, 13>, <160, 17> ]
Second coefficient is  <[ 0, 0, 0, 0, 0, 0 ], [ <0, 5>, <-13, 7>, <-12, 11>,
<-4, 13>, <24, 17> ]>


---------------------------------------------------------


Transformation matrix is:
[0 0 1 0 0 0]
[0 0 0 1 0 0]
[1 0 0 0 0 0]
[0 1 0 0 0 0]
[0 0 0 0 0 1]
[0 0 0 0 1 0]

Diagonal matrix is:
[ 1  0  0  0  0  0]
[ 0  1  0  0  0  0]
[ 0  0  1  0  0  0]
[ 0  0  0 -1  0  0]
[ 0  0  0  0 -1  0]
[ 0  0  0  0  0 -1]

Point counts are [
    [ 94, 3 ],
    [ 346, 5 ],
    [ 743, 7 ],
    [ 2344, 11 ],
    [ 3836, 13 ],
    [ 8110, 17 ]
]

Good point counts are [
    [ 94, 3 ],
    [ 346, 5 ],
    [ 743, 7 ],
    [ 2344, 11 ],
    [ 3836, 13 ],
    [ 8110, 17 ]
]

Level of weight 4 newform is [ 0, 0, 0 ]

not modular


---------------------------------------------------------


Transformation matrix is:
[0 0 1 0 0 0]
[0 0 0 0 1 0]
[1 0 0 0 0 0]
[0 0 0 1 0 0]
[0 1 0 0 0 0]
[0 0 0 0 0 1]

Diagonal matrix is:
[ 1  0  0  0  0  0]
[ 0  1  0  0  0  0]
[ 0  0  1  0  0  0]
[ 0  0  0  1  0  0]
[ 0  0  0  0 -1  0]
[ 0  0  0  0  0 -1]

Point counts are [
    [ 79, 3 ],
    [ 330, 5 ],
    [ 652, 7 ],
    [ 2106, 11 ],
    [ 3560, 13 ],
    [ 7550, 17 ]
]

Good point counts are [
    [ 79, 3 ],
    [ 330, 5 ],
    [ 652, 7 ],
    [ 2106, 11 ],
    [ 3560, 13 ],
    [ 7550, 17 ]
]

Level of weight 4 newform is [ 21, 2, 1 ]

First coefficient can be obtained from:  [ <16, 3>, <40, 5>, <43, 7>, <76, 11>,
<100, 13>, <160, 17> ]
Second coefficient is  <[ 0, 0, 0, 0, 0, 0 ], [ <0, 5>, <-13, 7>, <-12, 11>,
<-4, 13>, <24, 17> ]>


---------------------------------------------------------


Transformation matrix is:
[0 0 1 0 0 0]
[0 0 0 0 1 0]
[1 0 0 0 0 0]
[0 0 0 0 0 1]
[0 1 0 0 0 0]
[0 0 0 1 0 0]

Diagonal matrix is:
[ 1  0  0  0  0  0]
[ 0  1  0  0  0  0]
[ 0  0  1  0  0  0]
[ 0  0  0 -1  0  0]
[ 0  0  0  0 -1  0]
[ 0  0  0  0  0 -1]

Point counts are [
    [ 94, 3 ],
    [ 346, 5 ],
    [ 743, 7 ],
    [ 2344, 11 ],
    [ 3836, 13 ],
    [ 8110, 17 ]
]

Good point counts are [
    [ 94, 3 ],
    [ 346, 5 ],
    [ 743, 7 ],
    [ 2344, 11 ],
    [ 3836, 13 ],
    [ 8110, 17 ]
]

Level of weight 4 newform is [ 0, 0, 0 ]

not modular


---------------------------------------------------------


Transformation matrix is:
[0 0 1 0 0 0]
[0 0 0 0 0 1]
[1 0 0 0 0 0]
[0 0 0 1 0 0]
[0 0 0 0 1 0]
[0 1 0 0 0 0]

Diagonal matrix is:
[ 1  0  0  0  0  0]
[ 0  1  0  0  0  0]
[ 0  0  1  0  0  0]
[ 0  0  0  1  0  0]
[ 0  0  0  0 -1  0]
[ 0  0  0  0  0 -1]

Point counts are [
    [ 79, 3 ],
    [ 330, 5 ],
    [ 652, 7 ],
    [ 2106, 11 ],
    [ 3560, 13 ],
    [ 7550, 17 ]
]

Good point counts are [
    [ 79, 3 ],
    [ 330, 5 ],
    [ 652, 7 ],
    [ 2106, 11 ],
    [ 3560, 13 ],
    [ 7550, 17 ]
]

Level of weight 4 newform is [ 21, 2, 1 ]

First coefficient can be obtained from:  [ <16, 3>, <40, 5>, <43, 7>, <76, 11>,
<100, 13>, <160, 17> ]
Second coefficient is  <[ 0, 0, 0, 0, 0, 0 ], [ <0, 5>, <-13, 7>, <-12, 11>,
<-4, 13>, <24, 17> ]>


---------------------------------------------------------


Transformation matrix is:
[0 0 1 0 0 0]
[0 0 0 0 0 1]
[1 0 0 0 0 0]
[0 0 0 0 1 0]
[0 0 0 1 0 0]
[0 1 0 0 0 0]

Diagonal matrix is:
[ 1  0  0  0  0  0]
[ 0  1  0  0  0  0]
[ 0  0  1  0  0  0]
[ 0  0  0 -1  0  0]
[ 0  0  0  0 -1  0]
[ 0  0  0  0  0 -1]

Point counts are [
    [ 94, 3 ],
    [ 346, 5 ],
    [ 743, 7 ],
    [ 2344, 11 ],
    [ 3836, 13 ],
    [ 8110, 17 ]
]

Good point counts are [
    [ 94, 3 ],
    [ 346, 5 ],
    [ 743, 7 ],
    [ 2344, 11 ],
    [ 3836, 13 ],
    [ 8110, 17 ]
]

Level of weight 4 newform is [ 0, 0, 0 ]

not modular


---------------------------------------------------------


Transformation matrix is:
[0 0 0 1 0 0]
[0 1 0 0 0 0]
[0 0 1 0 0 0]
[1 0 0 0 0 0]
[0 0 0 0 1 0]
[0 0 0 0 0 1]

Diagonal matrix is:
[ 1  0  0  0  0  0]
[ 0  1  0  0  0  0]
[ 0  0  1  0  0  0]
[ 0  0  0  1  0  0]
[ 0  0  0  0  1  0]
[ 0  0  0  0  0 -1]

Point counts are [
    [ 82, 3 ],
    [ 306, 5 ],
    [ 673, 7 ],
    [ 2256, 11 ],
    [ 3524, 13 ],
    [ 7430, 17 ]
]

Good point counts are [
    [ 82, 3 ],
    [ 306, 5 ],
    [ 673, 7 ],
    [ 2256, 11 ],
    [ 3524, 13 ],
    [ 7430, 17 ]
]

Level of weight 4 newform is [ 0, 0, 0 ]

not modular


---------------------------------------------------------


Transformation matrix is:
[0 0 0 1 0 0]
[0 1 0 0 0 0]
[0 0 1 0 0 0]
[1 0 0 0 0 0]
[0 0 0 0 0 1]
[0 0 0 0 1 0]

Diagonal matrix is:
[ 1  0  0  0  0  0]
[ 0  1  0  0  0  0]
[ 0  0  1  0  0  0]
[ 0  0  0  1  0  0]
[ 0  0  0  0 -1  0]
[ 0  0  0  0  0 -1]

Point counts are [
    [ 79, 3 ],
    [ 330, 5 ],
    [ 652, 7 ],
    [ 2106, 11 ],
    [ 3560, 13 ],
    [ 7550, 17 ]
]

Good point counts are [
    [ 79, 3 ],
    [ 330, 5 ],
    [ 652, 7 ],
    [ 2106, 11 ],
    [ 3560, 13 ],
    [ 7550, 17 ]
]

Level of weight 4 newform is [ 21, 2, 1 ]

First coefficient can be obtained from:  [ <16, 3>, <40, 5>, <43, 7>, <76, 11>,
<100, 13>, <160, 17> ]
Second coefficient is  <[ 0, 0, 0, 0, 0, 0 ], [ <0, 5>, <-13, 7>, <-12, 11>,
<-4, 13>, <24, 17> ]>


---------------------------------------------------------


Transformation matrix is:
[0 0 0 1 0 0]
[0 1 0 0 0 0]
[0 0 0 0 1 0]
[1 0 0 0 0 0]
[0 0 1 0 0 0]
[0 0 0 0 0 1]

Diagonal matrix is:
[ 1  0  0  0  0  0]
[ 0  1  0  0  0  0]
[ 0  0  1  0  0  0]
[ 0  0  0  1  0  0]
[ 0  0  0  0 -1  0]
[ 0  0  0  0  0 -1]

Point counts are [
    [ 79, 3 ],
    [ 330, 5 ],
    [ 652, 7 ],
    [ 2106, 11 ],
    [ 3560, 13 ],
    [ 7550, 17 ]
]

Good point counts are [
    [ 79, 3 ],
    [ 330, 5 ],
    [ 652, 7 ],
    [ 2106, 11 ],
    [ 3560, 13 ],
    [ 7550, 17 ]
]

Level of weight 4 newform is [ 21, 2, 1 ]

First coefficient can be obtained from:  [ <16, 3>, <40, 5>, <43, 7>, <76, 11>,
<100, 13>, <160, 17> ]
Second coefficient is  <[ 0, 0, 0, 0, 0, 0 ], [ <0, 5>, <-13, 7>, <-12, 11>,
<-4, 13>, <24, 17> ]>


---------------------------------------------------------


Transformation matrix is:
[0 0 0 1 0 0]
[0 1 0 0 0 0]
[0 0 0 0 0 1]
[1 0 0 0 0 0]
[0 0 0 0 1 0]
[0 0 1 0 0 0]

Diagonal matrix is:
[ 1  0  0  0  0  0]
[ 0  1  0  0  0  0]
[ 0  0  1  0  0  0]
[ 0  0  0  1  0  0]
[ 0  0  0  0 -1  0]
[ 0  0  0  0  0 -1]

Point counts are [
    [ 79, 3 ],
    [ 330, 5 ],
    [ 652, 7 ],
    [ 2106, 11 ],
    [ 3560, 13 ],
    [ 7550, 17 ]
]

Good point counts are [
    [ 79, 3 ],
    [ 330, 5 ],
    [ 652, 7 ],
    [ 2106, 11 ],
    [ 3560, 13 ],
    [ 7550, 17 ]
]

Level of weight 4 newform is [ 21, 2, 1 ]

First coefficient can be obtained from:  [ <16, 3>, <40, 5>, <43, 7>, <76, 11>,
<100, 13>, <160, 17> ]
Second coefficient is  <[ 0, 0, 0, 0, 0, 0 ], [ <0, 5>, <-13, 7>, <-12, 11>,
<-4, 13>, <24, 17> ]>


---------------------------------------------------------


Transformation matrix is:
[0 0 0 1 0 0]
[0 0 1 0 0 0]
[0 1 0 0 0 0]
[1 0 0 0 0 0]
[0 0 0 0 1 0]
[0 0 0 0 0 1]

Diagonal matrix is:
[ 1  0  0  0  0  0]
[ 0  1  0  0  0  0]
[ 0  0  1  0  0  0]
[ 0  0  0  1  0  0]
[ 0  0  0  0 -1  0]
[ 0  0  0  0  0 -1]

Point counts are [
    [ 79, 3 ],
    [ 330, 5 ],
    [ 652, 7 ],
    [ 2106, 11 ],
    [ 3560, 13 ],
    [ 7550, 17 ]
]

Good point counts are [
    [ 79, 3 ],
    [ 330, 5 ],
    [ 652, 7 ],
    [ 2106, 11 ],
    [ 3560, 13 ],
    [ 7550, 17 ]
]

Level of weight 4 newform is [ 21, 2, 1 ]

First coefficient can be obtained from:  [ <16, 3>, <40, 5>, <43, 7>, <76, 11>,
<100, 13>, <160, 17> ]
Second coefficient is  <[ 0, 0, 0, 0, 0, 0 ], [ <0, 5>, <-13, 7>, <-12, 11>,
<-4, 13>, <24, 17> ]>


---------------------------------------------------------


Transformation matrix is:
[0 0 0 1 0 0]
[0 0 1 0 0 0]
[0 1 0 0 0 0]
[1 0 0 0 0 0]
[0 0 0 0 0 1]
[0 0 0 0 1 0]

Diagonal matrix is:
[ 1  0  0  0  0  0]
[ 0  1  0  0  0  0]
[ 0  0  1  0  0  0]
[ 0  0  0 -1  0  0]
[ 0  0  0  0 -1  0]
[ 0  0  0  0  0 -1]

Point counts are [
    [ 94, 3 ],
    [ 346, 5 ],
    [ 743, 7 ],
    [ 2344, 11 ],
    [ 3836, 13 ],
    [ 8110, 17 ]
]

Good point counts are [
    [ 94, 3 ],
    [ 346, 5 ],
    [ 743, 7 ],
    [ 2344, 11 ],
    [ 3836, 13 ],
    [ 8110, 17 ]
]

Level of weight 4 newform is [ 0, 0, 0 ]

not modular


---------------------------------------------------------


Transformation matrix is:
[0 0 0 1 0 0]
[0 0 0 0 1 0]
[0 0 1 0 0 0]
[1 0 0 0 0 0]
[0 1 0 0 0 0]
[0 0 0 0 0 1]

Diagonal matrix is:
[ 1  0  0  0  0  0]
[ 0  1  0  0  0  0]
[ 0  0  1  0  0  0]
[ 0  0  0  1  0  0]
[ 0  0  0  0 -1  0]
[ 0  0  0  0  0 -1]

Point counts are [
    [ 79, 3 ],
    [ 330, 5 ],
    [ 652, 7 ],
    [ 2106, 11 ],
    [ 3560, 13 ],
    [ 7550, 17 ]
]

Good point counts are [
    [ 79, 3 ],
    [ 330, 5 ],
    [ 652, 7 ],
    [ 2106, 11 ],
    [ 3560, 13 ],
    [ 7550, 17 ]
]

Level of weight 4 newform is [ 21, 2, 1 ]

First coefficient can be obtained from:  [ <16, 3>, <40, 5>, <43, 7>, <76, 11>,
<100, 13>, <160, 17> ]
Second coefficient is  <[ 0, 0, 0, 0, 0, 0 ], [ <0, 5>, <-13, 7>, <-12, 11>,
<-4, 13>, <24, 17> ]>


---------------------------------------------------------


Transformation matrix is:
[0 0 0 1 0 0]
[0 0 0 0 1 0]
[0 0 0 0 0 1]
[1 0 0 0 0 0]
[0 1 0 0 0 0]
[0 0 1 0 0 0]

Diagonal matrix is:
[ 1  0  0  0  0  0]
[ 0  1  0  0  0  0]
[ 0  0  1  0  0  0]
[ 0  0  0 -1  0  0]
[ 0  0  0  0 -1  0]
[ 0  0  0  0  0 -1]

Point counts are [
    [ 94, 3 ],
    [ 346, 5 ],
    [ 743, 7 ],
    [ 2344, 11 ],
    [ 3836, 13 ],
    [ 8110, 17 ]
]

Good point counts are [
    [ 94, 3 ],
    [ 346, 5 ],
    [ 743, 7 ],
    [ 2344, 11 ],
    [ 3836, 13 ],
    [ 8110, 17 ]
]

Level of weight 4 newform is [ 0, 0, 0 ]

not modular


---------------------------------------------------------


Transformation matrix is:
[0 0 0 1 0 0]
[0 0 0 0 0 1]
[0 0 1 0 0 0]
[1 0 0 0 0 0]
[0 0 0 0 1 0]
[0 1 0 0 0 0]

Diagonal matrix is:
[ 1  0  0  0  0  0]
[ 0  1  0  0  0  0]
[ 0  0  1  0  0  0]
[ 0  0  0  1  0  0]
[ 0  0  0  0 -1  0]
[ 0  0  0  0  0 -1]

Point counts are [
    [ 79, 3 ],
    [ 330, 5 ],
    [ 652, 7 ],
    [ 2106, 11 ],
    [ 3560, 13 ],
    [ 7550, 17 ]
]

Good point counts are [
    [ 79, 3 ],
    [ 330, 5 ],
    [ 652, 7 ],
    [ 2106, 11 ],
    [ 3560, 13 ],
    [ 7550, 17 ]
]

Level of weight 4 newform is [ 21, 2, 1 ]

First coefficient can be obtained from:  [ <16, 3>, <40, 5>, <43, 7>, <76, 11>,
<100, 13>, <160, 17> ]
Second coefficient is  <[ 0, 0, 0, 0, 0, 0 ], [ <0, 5>, <-13, 7>, <-12, 11>,
<-4, 13>, <24, 17> ]>


---------------------------------------------------------


Transformation matrix is:
[0 0 0 1 0 0]
[0 0 0 0 0 1]
[0 0 0 0 1 0]
[1 0 0 0 0 0]
[0 0 1 0 0 0]
[0 1 0 0 0 0]

Diagonal matrix is:
[ 1  0  0  0  0  0]
[ 0  1  0  0  0  0]
[ 0  0  1  0  0  0]
[ 0  0  0 -1  0  0]
[ 0  0  0  0 -1  0]
[ 0  0  0  0  0 -1]

Point counts are [
    [ 94, 3 ],
    [ 346, 5 ],
    [ 743, 7 ],
    [ 2344, 11 ],
    [ 3836, 13 ],
    [ 8110, 17 ]
]

Good point counts are [
    [ 94, 3 ],
    [ 346, 5 ],
    [ 743, 7 ],
    [ 2344, 11 ],
    [ 3836, 13 ],
    [ 8110, 17 ]
]

Level of weight 4 newform is [ 0, 0, 0 ]

not modular


---------------------------------------------------------


Transformation matrix is:
[0 0 0 0 1 0]
[0 1 0 0 0 0]
[0 0 1 0 0 0]
[0 0 0 1 0 0]
[1 0 0 0 0 0]
[0 0 0 0 0 1]

Diagonal matrix is:
[ 1  0  0  0  0  0]
[ 0  1  0  0  0  0]
[ 0  0  1  0  0  0]
[ 0  0  0  1  0  0]
[ 0  0  0  0  1  0]
[ 0  0  0  0  0 -1]

Point counts are [
    [ 82, 3 ],
    [ 306, 5 ],
    [ 673, 7 ],
    [ 2256, 11 ],
    [ 3524, 13 ],
    [ 7430, 17 ]
]

Good point counts are [
    [ 82, 3 ],
    [ 306, 5 ],
    [ 673, 7 ],
    [ 2256, 11 ],
    [ 3524, 13 ],
    [ 7430, 17 ]
]

Level of weight 4 newform is [ 0, 0, 0 ]

not modular


---------------------------------------------------------


Transformation matrix is:
[0 0 0 0 1 0]
[0 1 0 0 0 0]
[0 0 1 0 0 0]
[0 0 0 0 0 1]
[1 0 0 0 0 0]
[0 0 0 1 0 0]

Diagonal matrix is:
[ 1  0  0  0  0  0]
[ 0  1  0  0  0  0]
[ 0  0  1  0  0  0]
[ 0  0  0  1  0  0]
[ 0  0  0  0 -1  0]
[ 0  0  0  0  0 -1]

Point counts are [
    [ 79, 3 ],
    [ 330, 5 ],
    [ 652, 7 ],
    [ 2106, 11 ],
    [ 3560, 13 ],
    [ 7550, 17 ]
]

Good point counts are [
    [ 79, 3 ],
    [ 330, 5 ],
    [ 652, 7 ],
    [ 2106, 11 ],
    [ 3560, 13 ],
    [ 7550, 17 ]
]

Level of weight 4 newform is [ 21, 2, 1 ]

First coefficient can be obtained from:  [ <16, 3>, <40, 5>, <43, 7>, <76, 11>,
<100, 13>, <160, 17> ]
Second coefficient is  <[ 0, 0, 0, 0, 0, 0 ], [ <0, 5>, <-13, 7>, <-12, 11>,
<-4, 13>, <24, 17> ]>


---------------------------------------------------------


Transformation matrix is:
[0 0 0 0 1 0]
[0 1 0 0 0 0]
[0 0 0 1 0 0]
[0 0 1 0 0 0]
[1 0 0 0 0 0]
[0 0 0 0 0 1]

Diagonal matrix is:
[ 1  0  0  0  0  0]
[ 0  1  0  0  0  0]
[ 0  0  1  0  0  0]
[ 0  0  0  1  0  0]
[ 0  0  0  0 -1  0]
[ 0  0  0  0  0 -1]

Point counts are [
    [ 79, 3 ],
    [ 330, 5 ],
    [ 652, 7 ],
    [ 2106, 11 ],
    [ 3560, 13 ],
    [ 7550, 17 ]
]

Good point counts are [
    [ 79, 3 ],
    [ 330, 5 ],
    [ 652, 7 ],
    [ 2106, 11 ],
    [ 3560, 13 ],
    [ 7550, 17 ]
]

Level of weight 4 newform is [ 21, 2, 1 ]

First coefficient can be obtained from:  [ <16, 3>, <40, 5>, <43, 7>, <76, 11>,
<100, 13>, <160, 17> ]
Second coefficient is  <[ 0, 0, 0, 0, 0, 0 ], [ <0, 5>, <-13, 7>, <-12, 11>,
<-4, 13>, <24, 17> ]>


---------------------------------------------------------


Transformation matrix is:
[0 0 0 0 1 0]
[0 1 0 0 0 0]
[0 0 0 0 0 1]
[0 0 0 1 0 0]
[1 0 0 0 0 0]
[0 0 1 0 0 0]

Diagonal matrix is:
[ 1  0  0  0  0  0]
[ 0  1  0  0  0  0]
[ 0  0  1  0  0  0]
[ 0  0  0  1  0  0]
[ 0  0  0  0 -1  0]
[ 0  0  0  0  0 -1]

Point counts are [
    [ 79, 3 ],
    [ 330, 5 ],
    [ 652, 7 ],
    [ 2106, 11 ],
    [ 3560, 13 ],
    [ 7550, 17 ]
]

Good point counts are [
    [ 79, 3 ],
    [ 330, 5 ],
    [ 652, 7 ],
    [ 2106, 11 ],
    [ 3560, 13 ],
    [ 7550, 17 ]
]

Level of weight 4 newform is [ 21, 2, 1 ]

First coefficient can be obtained from:  [ <16, 3>, <40, 5>, <43, 7>, <76, 11>,
<100, 13>, <160, 17> ]
Second coefficient is  <[ 0, 0, 0, 0, 0, 0 ], [ <0, 5>, <-13, 7>, <-12, 11>,
<-4, 13>, <24, 17> ]>


---------------------------------------------------------


Transformation matrix is:
[0 0 0 0 1 0]
[0 0 1 0 0 0]
[0 1 0 0 0 0]
[0 0 0 1 0 0]
[1 0 0 0 0 0]
[0 0 0 0 0 1]

Diagonal matrix is:
[ 1  0  0  0  0  0]
[ 0  1  0  0  0  0]
[ 0  0  1  0  0  0]
[ 0  0  0  1  0  0]
[ 0  0  0  0 -1  0]
[ 0  0  0  0  0 -1]

Point counts are [
    [ 79, 3 ],
    [ 330, 5 ],
    [ 652, 7 ],
    [ 2106, 11 ],
    [ 3560, 13 ],
    [ 7550, 17 ]
]

Good point counts are [
    [ 79, 3 ],
    [ 330, 5 ],
    [ 652, 7 ],
    [ 2106, 11 ],
    [ 3560, 13 ],
    [ 7550, 17 ]
]

Level of weight 4 newform is [ 21, 2, 1 ]

First coefficient can be obtained from:  [ <16, 3>, <40, 5>, <43, 7>, <76, 11>,
<100, 13>, <160, 17> ]
Second coefficient is  <[ 0, 0, 0, 0, 0, 0 ], [ <0, 5>, <-13, 7>, <-12, 11>,
<-4, 13>, <24, 17> ]>


---------------------------------------------------------


Transformation matrix is:
[0 0 0 0 1 0]
[0 0 1 0 0 0]
[0 1 0 0 0 0]
[0 0 0 0 0 1]
[1 0 0 0 0 0]
[0 0 0 1 0 0]

Diagonal matrix is:
[ 1  0  0  0  0  0]
[ 0  1  0  0  0  0]
[ 0  0  1  0  0  0]
[ 0  0  0 -1  0  0]
[ 0  0  0  0 -1  0]
[ 0  0  0  0  0 -1]

Point counts are [
    [ 94, 3 ],
    [ 346, 5 ],
    [ 743, 7 ],
    [ 2344, 11 ],
    [ 3836, 13 ],
    [ 8110, 17 ]
]

Good point counts are [
    [ 94, 3 ],
    [ 346, 5 ],
    [ 743, 7 ],
    [ 2344, 11 ],
    [ 3836, 13 ],
    [ 8110, 17 ]
]

Level of weight 4 newform is [ 0, 0, 0 ]

not modular


---------------------------------------------------------


Transformation matrix is:
[0 0 0 0 1 0]
[0 0 0 1 0 0]
[0 0 1 0 0 0]
[0 1 0 0 0 0]
[1 0 0 0 0 0]
[0 0 0 0 0 1]

Diagonal matrix is:
[ 1  0  0  0  0  0]
[ 0  1  0  0  0  0]
[ 0  0  1  0  0  0]
[ 0  0  0  1  0  0]
[ 0  0  0  0 -1  0]
[ 0  0  0  0  0 -1]

Point counts are [
    [ 79, 3 ],
    [ 330, 5 ],
    [ 652, 7 ],
    [ 2106, 11 ],
    [ 3560, 13 ],
    [ 7550, 17 ]
]

Good point counts are [
    [ 79, 3 ],
    [ 330, 5 ],
    [ 652, 7 ],
    [ 2106, 11 ],
    [ 3560, 13 ],
    [ 7550, 17 ]
]

Level of weight 4 newform is [ 21, 2, 1 ]

First coefficient can be obtained from:  [ <16, 3>, <40, 5>, <43, 7>, <76, 11>,
<100, 13>, <160, 17> ]
Second coefficient is  <[ 0, 0, 0, 0, 0, 0 ], [ <0, 5>, <-13, 7>, <-12, 11>,
<-4, 13>, <24, 17> ]>


---------------------------------------------------------


Transformation matrix is:
[0 0 0 0 1 0]
[0 0 0 1 0 0]
[0 0 0 0 0 1]
[0 1 0 0 0 0]
[1 0 0 0 0 0]
[0 0 1 0 0 0]

Diagonal matrix is:
[ 1  0  0  0  0  0]
[ 0  1  0  0  0  0]
[ 0  0  1  0  0  0]
[ 0  0  0 -1  0  0]
[ 0  0  0  0 -1  0]
[ 0  0  0  0  0 -1]

Point counts are [
    [ 94, 3 ],
    [ 346, 5 ],
    [ 743, 7 ],
    [ 2344, 11 ],
    [ 3836, 13 ],
    [ 8110, 17 ]
]

Good point counts are [
    [ 94, 3 ],
    [ 346, 5 ],
    [ 743, 7 ],
    [ 2344, 11 ],
    [ 3836, 13 ],
    [ 8110, 17 ]
]

Level of weight 4 newform is [ 0, 0, 0 ]

not modular


---------------------------------------------------------


Transformation matrix is:
[0 0 0 0 1 0]
[0 0 0 0 0 1]
[0 0 1 0 0 0]
[0 0 0 1 0 0]
[1 0 0 0 0 0]
[0 1 0 0 0 0]

Diagonal matrix is:
[ 1  0  0  0  0  0]
[ 0  1  0  0  0  0]
[ 0  0  1  0  0  0]
[ 0  0  0  1  0  0]
[ 0  0  0  0 -1  0]
[ 0  0  0  0  0 -1]

Point counts are [
    [ 79, 3 ],
    [ 330, 5 ],
    [ 652, 7 ],
    [ 2106, 11 ],
    [ 3560, 13 ],
    [ 7550, 17 ]
]

Good point counts are [
    [ 79, 3 ],
    [ 330, 5 ],
    [ 652, 7 ],
    [ 2106, 11 ],
    [ 3560, 13 ],
    [ 7550, 17 ]
]

Level of weight 4 newform is [ 21, 2, 1 ]

First coefficient can be obtained from:  [ <16, 3>, <40, 5>, <43, 7>, <76, 11>,
<100, 13>, <160, 17> ]
Second coefficient is  <[ 0, 0, 0, 0, 0, 0 ], [ <0, 5>, <-13, 7>, <-12, 11>,
<-4, 13>, <24, 17> ]>


---------------------------------------------------------


Transformation matrix is:
[0 0 0 0 1 0]
[0 0 0 0 0 1]
[0 0 0 1 0 0]
[0 0 1 0 0 0]
[1 0 0 0 0 0]
[0 1 0 0 0 0]

Diagonal matrix is:
[ 1  0  0  0  0  0]
[ 0  1  0  0  0  0]
[ 0  0  1  0  0  0]
[ 0  0  0 -1  0  0]
[ 0  0  0  0 -1  0]
[ 0  0  0  0  0 -1]

Point counts are [
    [ 94, 3 ],
    [ 346, 5 ],
    [ 743, 7 ],
    [ 2344, 11 ],
    [ 3836, 13 ],
    [ 8110, 17 ]
]

Good point counts are [
    [ 94, 3 ],
    [ 346, 5 ],
    [ 743, 7 ],
    [ 2344, 11 ],
    [ 3836, 13 ],
    [ 8110, 17 ]
]

Level of weight 4 newform is [ 0, 0, 0 ]

not modular


---------------------------------------------------------


Transformation matrix is:
[0 0 0 0 0 1]
[0 1 0 0 0 0]
[0 0 1 0 0 0]
[0 0 0 1 0 0]
[0 0 0 0 1 0]
[1 0 0 0 0 0]

Diagonal matrix is:
[ 1  0  0  0  0  0]
[ 0  1  0  0  0  0]
[ 0  0  1  0  0  0]
[ 0  0  0  1  0  0]
[ 0  0  0  0  1  0]
[ 0  0  0  0  0 -1]

Point counts are [
    [ 82, 3 ],
    [ 306, 5 ],
    [ 673, 7 ],
    [ 2256, 11 ],
    [ 3524, 13 ],
    [ 7430, 17 ]
]

Good point counts are [
    [ 82, 3 ],
    [ 306, 5 ],
    [ 673, 7 ],
    [ 2256, 11 ],
    [ 3524, 13 ],
    [ 7430, 17 ]
]

Level of weight 4 newform is [ 0, 0, 0 ]

not modular


---------------------------------------------------------


Transformation matrix is:
[0 0 0 0 0 1]
[0 1 0 0 0 0]
[0 0 1 0 0 0]
[0 0 0 0 1 0]
[0 0 0 1 0 0]
[1 0 0 0 0 0]

Diagonal matrix is:
[ 1  0  0  0  0  0]
[ 0  1  0  0  0  0]
[ 0  0  1  0  0  0]
[ 0  0  0  1  0  0]
[ 0  0  0  0 -1  0]
[ 0  0  0  0  0 -1]

Point counts are [
    [ 79, 3 ],
    [ 330, 5 ],
    [ 652, 7 ],
    [ 2106, 11 ],
    [ 3560, 13 ],
    [ 7550, 17 ]
]

Good point counts are [
    [ 79, 3 ],
    [ 330, 5 ],
    [ 652, 7 ],
    [ 2106, 11 ],
    [ 3560, 13 ],
    [ 7550, 17 ]
]

Level of weight 4 newform is [ 21, 2, 1 ]

First coefficient can be obtained from:  [ <16, 3>, <40, 5>, <43, 7>, <76, 11>,
<100, 13>, <160, 17> ]
Second coefficient is  <[ 0, 0, 0, 0, 0, 0 ], [ <0, 5>, <-13, 7>, <-12, 11>,
<-4, 13>, <24, 17> ]>


---------------------------------------------------------


Transformation matrix is:
[0 0 0 0 0 1]
[0 1 0 0 0 0]
[0 0 0 1 0 0]
[0 0 1 0 0 0]
[0 0 0 0 1 0]
[1 0 0 0 0 0]

Diagonal matrix is:
[ 1  0  0  0  0  0]
[ 0  1  0  0  0  0]
[ 0  0  1  0  0  0]
[ 0  0  0  1  0  0]
[ 0  0  0  0 -1  0]
[ 0  0  0  0  0 -1]

Point counts are [
    [ 79, 3 ],
    [ 330, 5 ],
    [ 652, 7 ],
    [ 2106, 11 ],
    [ 3560, 13 ],
    [ 7550, 17 ]
]

Good point counts are [
    [ 79, 3 ],
    [ 330, 5 ],
    [ 652, 7 ],
    [ 2106, 11 ],
    [ 3560, 13 ],
    [ 7550, 17 ]
]

Level of weight 4 newform is [ 21, 2, 1 ]

First coefficient can be obtained from:  [ <16, 3>, <40, 5>, <43, 7>, <76, 11>,
<100, 13>, <160, 17> ]
Second coefficient is  <[ 0, 0, 0, 0, 0, 0 ], [ <0, 5>, <-13, 7>, <-12, 11>,
<-4, 13>, <24, 17> ]>


---------------------------------------------------------


Transformation matrix is:
[0 0 0 0 0 1]
[0 1 0 0 0 0]
[0 0 0 0 1 0]
[0 0 0 1 0 0]
[0 0 1 0 0 0]
[1 0 0 0 0 0]

Diagonal matrix is:
[ 1  0  0  0  0  0]
[ 0  1  0  0  0  0]
[ 0  0  1  0  0  0]
[ 0  0  0  1  0  0]
[ 0  0  0  0 -1  0]
[ 0  0  0  0  0 -1]

Point counts are [
    [ 79, 3 ],
    [ 330, 5 ],
    [ 652, 7 ],
    [ 2106, 11 ],
    [ 3560, 13 ],
    [ 7550, 17 ]
]

Good point counts are [
    [ 79, 3 ],
    [ 330, 5 ],
    [ 652, 7 ],
    [ 2106, 11 ],
    [ 3560, 13 ],
    [ 7550, 17 ]
]

Level of weight 4 newform is [ 21, 2, 1 ]

First coefficient can be obtained from:  [ <16, 3>, <40, 5>, <43, 7>, <76, 11>,
<100, 13>, <160, 17> ]
Second coefficient is  <[ 0, 0, 0, 0, 0, 0 ], [ <0, 5>, <-13, 7>, <-12, 11>,
<-4, 13>, <24, 17> ]>


---------------------------------------------------------


Transformation matrix is:
[0 0 0 0 0 1]
[0 0 1 0 0 0]
[0 1 0 0 0 0]
[0 0 0 1 0 0]
[0 0 0 0 1 0]
[1 0 0 0 0 0]

Diagonal matrix is:
[ 1  0  0  0  0  0]
[ 0  1  0  0  0  0]
[ 0  0  1  0  0  0]
[ 0  0  0  1  0  0]
[ 0  0  0  0 -1  0]
[ 0  0  0  0  0 -1]

Point counts are [
    [ 79, 3 ],
    [ 330, 5 ],
    [ 652, 7 ],
    [ 2106, 11 ],
    [ 3560, 13 ],
    [ 7550, 17 ]
]

Good point counts are [
    [ 79, 3 ],
    [ 330, 5 ],
    [ 652, 7 ],
    [ 2106, 11 ],
    [ 3560, 13 ],
    [ 7550, 17 ]
]

Level of weight 4 newform is [ 21, 2, 1 ]

First coefficient can be obtained from:  [ <16, 3>, <40, 5>, <43, 7>, <76, 11>,
<100, 13>, <160, 17> ]
Second coefficient is  <[ 0, 0, 0, 0, 0, 0 ], [ <0, 5>, <-13, 7>, <-12, 11>,
<-4, 13>, <24, 17> ]>


---------------------------------------------------------


Transformation matrix is:
[0 0 0 0 0 1]
[0 0 1 0 0 0]
[0 1 0 0 0 0]
[0 0 0 0 1 0]
[0 0 0 1 0 0]
[1 0 0 0 0 0]

Diagonal matrix is:
[ 1  0  0  0  0  0]
[ 0  1  0  0  0  0]
[ 0  0  1  0  0  0]
[ 0  0  0 -1  0  0]
[ 0  0  0  0 -1  0]
[ 0  0  0  0  0 -1]

Point counts are [
    [ 94, 3 ],
    [ 346, 5 ],
    [ 743, 7 ],
    [ 2344, 11 ],
    [ 3836, 13 ],
    [ 8110, 17 ]
]

Good point counts are [
    [ 94, 3 ],
    [ 346, 5 ],
    [ 743, 7 ],
    [ 2344, 11 ],
    [ 3836, 13 ],
    [ 8110, 17 ]
]

Level of weight 4 newform is [ 0, 0, 0 ]

not modular


---------------------------------------------------------


Transformation matrix is:
[0 0 0 0 0 1]
[0 0 0 1 0 0]
[0 0 1 0 0 0]
[0 1 0 0 0 0]
[0 0 0 0 1 0]
[1 0 0 0 0 0]

Diagonal matrix is:
[ 1  0  0  0  0  0]
[ 0  1  0  0  0  0]
[ 0  0  1  0  0  0]
[ 0  0  0  1  0  0]
[ 0  0  0  0 -1  0]
[ 0  0  0  0  0 -1]

Point counts are [
    [ 79, 3 ],
    [ 330, 5 ],
    [ 652, 7 ],
    [ 2106, 11 ],
    [ 3560, 13 ],
    [ 7550, 17 ]
]

Good point counts are [
    [ 79, 3 ],
    [ 330, 5 ],
    [ 652, 7 ],
    [ 2106, 11 ],
    [ 3560, 13 ],
    [ 7550, 17 ]
]

Level of weight 4 newform is [ 21, 2, 1 ]

First coefficient can be obtained from:  [ <16, 3>, <40, 5>, <43, 7>, <76, 11>,
<100, 13>, <160, 17> ]
Second coefficient is  <[ 0, 0, 0, 0, 0, 0 ], [ <0, 5>, <-13, 7>, <-12, 11>,
<-4, 13>, <24, 17> ]>


---------------------------------------------------------


Transformation matrix is:
[0 0 0 0 0 1]
[0 0 0 1 0 0]
[0 0 0 0 1 0]
[0 1 0 0 0 0]
[0 0 1 0 0 0]
[1 0 0 0 0 0]

Diagonal matrix is:
[ 1  0  0  0  0  0]
[ 0  1  0  0  0  0]
[ 0  0  1  0  0  0]
[ 0  0  0 -1  0  0]
[ 0  0  0  0 -1  0]
[ 0  0  0  0  0 -1]

Point counts are [
    [ 94, 3 ],
    [ 346, 5 ],
    [ 743, 7 ],
    [ 2344, 11 ],
    [ 3836, 13 ],
    [ 8110, 17 ]
]

Good point counts are [
    [ 94, 3 ],
    [ 346, 5 ],
    [ 743, 7 ],
    [ 2344, 11 ],
    [ 3836, 13 ],
    [ 8110, 17 ]
]

Level of weight 4 newform is [ 0, 0, 0 ]

not modular


---------------------------------------------------------


Transformation matrix is:
[0 0 0 0 0 1]
[0 0 0 0 1 0]
[0 0 1 0 0 0]
[0 0 0 1 0 0]
[0 1 0 0 0 0]
[1 0 0 0 0 0]

Diagonal matrix is:
[ 1  0  0  0  0  0]
[ 0  1  0  0  0  0]
[ 0  0  1  0  0  0]
[ 0  0  0  1  0  0]
[ 0  0  0  0 -1  0]
[ 0  0  0  0  0 -1]

Point counts are [
    [ 79, 3 ],
    [ 330, 5 ],
    [ 652, 7 ],
    [ 2106, 11 ],
    [ 3560, 13 ],
    [ 7550, 17 ]
]

Good point counts are [
    [ 79, 3 ],
    [ 330, 5 ],
    [ 652, 7 ],
    [ 2106, 11 ],
    [ 3560, 13 ],
    [ 7550, 17 ]
]

Level of weight 4 newform is [ 21, 2, 1 ]

First coefficient can be obtained from:  [ <16, 3>, <40, 5>, <43, 7>, <76, 11>,
<100, 13>, <160, 17> ]
Second coefficient is  <[ 0, 0, 0, 0, 0, 0 ], [ <0, 5>, <-13, 7>, <-12, 11>,
<-4, 13>, <24, 17> ]>


---------------------------------------------------------


Transformation matrix is:
[0 0 0 0 0 1]
[0 0 0 0 1 0]
[0 0 0 1 0 0]
[0 0 1 0 0 0]
[0 1 0 0 0 0]
[1 0 0 0 0 0]

Diagonal matrix is:
[ 1  0  0  0  0  0]
[ 0  1  0  0  0  0]
[ 0  0  1  0  0  0]
[ 0  0  0 -1  0  0]
[ 0  0  0  0 -1  0]
[ 0  0  0  0  0 -1]

Point counts are [
    [ 94, 3 ],
    [ 346, 5 ],
    [ 743, 7 ],
    [ 2344, 11 ],
    [ 3836, 13 ],
    [ 8110, 17 ]
]

Good point counts are [
    [ 94, 3 ],
    [ 346, 5 ],
    [ 743, 7 ],
    [ 2344, 11 ],
    [ 3836, 13 ],
    [ 8110, 17 ]
]

Level of weight 4 newform is [ 0, 0, 0 ]

not modular


