Transformation matrix is:
[0 1 0 0 0 0]
[1 0 0 0 0 0]
[0 0 0 1 0 0]
[0 0 1 0 0 0]
[0 0 0 0 1 0]
[0 0 0 0 0 1]

Diagonal matrix is:
[ 1  0  0  0  0  0]
[ 0  1  0  0  0  0]
[ 0  0  1  0  0  0]
[ 0  0  0  1  0  0]
[ 0  0  0  0 -1  0]
[ 0  0  0  0  0 -1]

Point counts are [
    [ 79, 3 ],
    [ 306, 5 ],
    [ 652, 7 ],
    [ 2166, 11 ],
    [ 3328, 13 ],
    [ 7410, 17 ]
]

Good point counts are [
    [ 79, 3 ],
    [ 306, 5 ],
    [ 652, 7 ],
    [ 2166, 11 ],
    [ 3328, 13 ],
    [ 7410, 17 ]
]

Level of weight 4 newform is [ 210, 3, 1 ]

First coefficient can be obtained from:  [ <16, 3>, <35, 5>, <45, 7>, <78, 11>,
<88, 13>, <150, 17> ]
Second coefficient is  <[ 0, 0, 0, 0, 0, 0 ], [ <-5, 5>, <-11, 7>, <-10, 11>,
<-16, 13>, <14, 17> ]>


---------------------------------------------------------


Transformation matrix is:
[0 1 0 0 0 0]
[1 0 0 0 0 0]
[0 0 0 1 0 0]
[0 0 1 0 0 0]
[0 0 0 0 0 1]
[0 0 0 0 1 0]

Diagonal matrix is:
[ 1  0  0  0  0  0]
[ 0  1  0  0  0  0]
[ 0  0  1  0  0  0]
[ 0  0  0 -1  0  0]
[ 0  0  0  0 -1  0]
[ 0  0  0  0  0 -1]

Point counts are [
    [ 85, 3 ],
    [ 331, 5 ],
    [ 743, 7 ],
    [ 2509, 11 ],
    [ 3563, 13 ],
    [ 8059, 17 ]
]

Good point counts are [
    [ 85, 3 ],
    [ 331, 5 ],
    [ 743, 7 ],
    [ 2509, 11 ],
    [ 3563, 13 ],
    [ 8059, 17 ]
]

Level of weight 4 newform is [ 0, 0, 0 ]

not modular


---------------------------------------------------------


Transformation matrix is:
[0 1 0 0 0 0]
[1 0 0 0 0 0]
[0 0 0 0 1 0]
[0 0 0 1 0 0]
[0 0 1 0 0 0]
[0 0 0 0 0 1]

Diagonal matrix is:
[ 1  0  0  0  0  0]
[ 0  1  0  0  0  0]
[ 0  0  1  0  0  0]
[ 0  0  0  1  0  0]
[ 0  0  0  0 -1  0]
[ 0  0  0  0  0 -1]

Point counts are [
    [ 79, 3 ],
    [ 306, 5 ],
    [ 652, 7 ],
    [ 2166, 11 ],
    [ 3328, 13 ],
    [ 7410, 17 ]
]

Good point counts are [
    [ 79, 3 ],
    [ 306, 5 ],
    [ 652, 7 ],
    [ 2166, 11 ],
    [ 3328, 13 ],
    [ 7410, 17 ]
]

Level of weight 4 newform is [ 210, 3, 1 ]

First coefficient can be obtained from:  [ <16, 3>, <35, 5>, <45, 7>, <78, 11>,
<88, 13>, <150, 17> ]
Second coefficient is  <[ 0, 0, 0, 0, 0, 0 ], [ <-5, 5>, <-11, 7>, <-10, 11>,
<-16, 13>, <14, 17> ]>


---------------------------------------------------------


Transformation matrix is:
[0 1 0 0 0 0]
[1 0 0 0 0 0]
[0 0 0 0 1 0]
[0 0 0 0 0 1]
[0 0 1 0 0 0]
[0 0 0 1 0 0]

Diagonal matrix is:
[ 1  0  0  0  0  0]
[ 0  1  0  0  0  0]
[ 0  0  1  0  0  0]
[ 0  0  0 -1  0  0]
[ 0  0  0  0 -1  0]
[ 0  0  0  0  0 -1]

Point counts are [
    [ 85, 3 ],
    [ 331, 5 ],
    [ 743, 7 ],
    [ 2509, 11 ],
    [ 3563, 13 ],
    [ 8059, 17 ]
]

Good point counts are [
    [ 85, 3 ],
    [ 331, 5 ],
    [ 743, 7 ],
    [ 2509, 11 ],
    [ 3563, 13 ],
    [ 8059, 17 ]
]

Level of weight 4 newform is [ 0, 0, 0 ]

not modular


---------------------------------------------------------


Transformation matrix is:
[0 1 0 0 0 0]
[1 0 0 0 0 0]
[0 0 0 0 0 1]
[0 0 0 1 0 0]
[0 0 0 0 1 0]
[0 0 1 0 0 0]

Diagonal matrix is:
[ 1  0  0  0  0  0]
[ 0  1  0  0  0  0]
[ 0  0  1  0  0  0]
[ 0  0  0  1  0  0]
[ 0  0  0  0 -1  0]
[ 0  0  0  0  0 -1]

Point counts are [
    [ 79, 3 ],
    [ 306, 5 ],
    [ 652, 7 ],
    [ 2166, 11 ],
    [ 3328, 13 ],
    [ 7410, 17 ]
]

Good point counts are [
    [ 79, 3 ],
    [ 306, 5 ],
    [ 652, 7 ],
    [ 2166, 11 ],
    [ 3328, 13 ],
    [ 7410, 17 ]
]

Level of weight 4 newform is [ 210, 3, 1 ]

First coefficient can be obtained from:  [ <16, 3>, <35, 5>, <45, 7>, <78, 11>,
<88, 13>, <150, 17> ]
Second coefficient is  <[ 0, 0, 0, 0, 0, 0 ], [ <-5, 5>, <-11, 7>, <-10, 11>,
<-16, 13>, <14, 17> ]>


---------------------------------------------------------


Transformation matrix is:
[0 1 0 0 0 0]
[1 0 0 0 0 0]
[0 0 0 0 0 1]
[0 0 0 0 1 0]
[0 0 0 1 0 0]
[0 0 1 0 0 0]

Diagonal matrix is:
[ 1  0  0  0  0  0]
[ 0  1  0  0  0  0]
[ 0  0  1  0  0  0]
[ 0  0  0 -1  0  0]
[ 0  0  0  0 -1  0]
[ 0  0  0  0  0 -1]

Point counts are [
    [ 85, 3 ],
    [ 331, 5 ],
    [ 743, 7 ],
    [ 2509, 11 ],
    [ 3563, 13 ],
    [ 8059, 17 ]
]

Good point counts are [
    [ 85, 3 ],
    [ 331, 5 ],
    [ 743, 7 ],
    [ 2509, 11 ],
    [ 3563, 13 ],
    [ 8059, 17 ]
]

Level of weight 4 newform is [ 0, 0, 0 ]

not modular


---------------------------------------------------------


Transformation matrix is:
[0 0 1 0 0 0]
[0 1 0 0 0 0]
[1 0 0 0 0 0]
[0 0 0 1 0 0]
[0 0 0 0 1 0]
[0 0 0 0 0 1]

Diagonal matrix is:
[ 1  0  0  0  0  0]
[ 0  1  0  0  0  0]
[ 0  0  1  0  0  0]
[ 0  0  0  1  0  0]
[ 0  0  0  0  1  0]
[ 0  0  0  0  0 -1]

Point counts are [
    [ 73, 3 ],
    [ 301, 5 ],
    [ 673, 7 ],
    [ 2311, 11 ],
    [ 3381, 13 ],
    [ 7481, 17 ]
]

Good point counts are [
    [ 73, 3 ],
    [ 301, 5 ],
    [ 673, 7 ],
    [ 2311, 11 ],
    [ 3381, 13 ],
    [ 7481, 17 ]
]

Level of weight 4 newform is [ 0, 0, 0 ]

not modular


---------------------------------------------------------


Transformation matrix is:
[0 0 1 0 0 0]
[0 1 0 0 0 0]
[1 0 0 0 0 0]
[0 0 0 1 0 0]
[0 0 0 0 0 1]
[0 0 0 0 1 0]

Diagonal matrix is:
[ 1  0  0  0  0  0]
[ 0  1  0  0  0  0]
[ 0  0  1  0  0  0]
[ 0  0  0  1  0  0]
[ 0  0  0  0 -1  0]
[ 0  0  0  0  0 -1]

Point counts are [
    [ 79, 3 ],
    [ 306, 5 ],
    [ 652, 7 ],
    [ 2166, 11 ],
    [ 3328, 13 ],
    [ 7410, 17 ]
]

Good point counts are [
    [ 79, 3 ],
    [ 306, 5 ],
    [ 652, 7 ],
    [ 2166, 11 ],
    [ 3328, 13 ],
    [ 7410, 17 ]
]

Level of weight 4 newform is [ 210, 3, 1 ]

First coefficient can be obtained from:  [ <16, 3>, <35, 5>, <45, 7>, <78, 11>,
<88, 13>, <150, 17> ]
Second coefficient is  <[ 0, 0, 0, 0, 0, 0 ], [ <-5, 5>, <-11, 7>, <-10, 11>,
<-16, 13>, <14, 17> ]>


---------------------------------------------------------


Transformation matrix is:
[0 0 1 0 0 0]
[0 1 0 0 0 0]
[1 0 0 0 0 0]
[0 0 0 0 1 0]
[0 0 0 1 0 0]
[0 0 0 0 0 1]

Diagonal matrix is:
[ 1  0  0  0  0  0]
[ 0  1  0  0  0  0]
[ 0  0  1  0  0  0]
[ 0  0  0  1  0  0]
[ 0  0  0  0 -1  0]
[ 0  0  0  0  0 -1]

Point counts are [
    [ 79, 3 ],
    [ 306, 5 ],
    [ 652, 7 ],
    [ 2166, 11 ],
    [ 3328, 13 ],
    [ 7410, 17 ]
]

Good point counts are [
    [ 79, 3 ],
    [ 306, 5 ],
    [ 652, 7 ],
    [ 2166, 11 ],
    [ 3328, 13 ],
    [ 7410, 17 ]
]

Level of weight 4 newform is [ 210, 3, 1 ]

First coefficient can be obtained from:  [ <16, 3>, <35, 5>, <45, 7>, <78, 11>,
<88, 13>, <150, 17> ]
Second coefficient is  <[ 0, 0, 0, 0, 0, 0 ], [ <-5, 5>, <-11, 7>, <-10, 11>,
<-16, 13>, <14, 17> ]>


---------------------------------------------------------


Transformation matrix is:
[0 0 1 0 0 0]
[0 1 0 0 0 0]
[1 0 0 0 0 0]
[0 0 0 0 0 1]
[0 0 0 0 1 0]
[0 0 0 1 0 0]

Diagonal matrix is:
[ 1  0  0  0  0  0]
[ 0  1  0  0  0  0]
[ 0  0  1  0  0  0]
[ 0  0  0  1  0  0]
[ 0  0  0  0 -1  0]
[ 0  0  0  0  0 -1]

Point counts are [
    [ 79, 3 ],
    [ 306, 5 ],
    [ 652, 7 ],
    [ 2166, 11 ],
    [ 3328, 13 ],
    [ 7410, 17 ]
]

Good point counts are [
    [ 79, 3 ],
    [ 306, 5 ],
    [ 652, 7 ],
    [ 2166, 11 ],
    [ 3328, 13 ],
    [ 7410, 17 ]
]

Level of weight 4 newform is [ 210, 3, 1 ]

First coefficient can be obtained from:  [ <16, 3>, <35, 5>, <45, 7>, <78, 11>,
<88, 13>, <150, 17> ]
Second coefficient is  <[ 0, 0, 0, 0, 0, 0 ], [ <-5, 5>, <-11, 7>, <-10, 11>,
<-16, 13>, <14, 17> ]>


---------------------------------------------------------


Transformation matrix is:
[0 0 1 0 0 0]
[0 0 0 1 0 0]
[1 0 0 0 0 0]
[0 1 0 0 0 0]
[0 0 0 0 1 0]
[0 0 0 0 0 1]

Diagonal matrix is:
[ 1  0  0  0  0  0]
[ 0  1  0  0  0  0]
[ 0  0  1  0  0  0]
[ 0  0  0  1  0  0]
[ 0  0  0  0 -1  0]
[ 0  0  0  0  0 -1]

Point counts are [
    [ 79, 3 ],
    [ 306, 5 ],
    [ 652, 7 ],
    [ 2166, 11 ],
    [ 3328, 13 ],
    [ 7410, 17 ]
]

Good point counts are [
    [ 79, 3 ],
    [ 306, 5 ],
    [ 652, 7 ],
    [ 2166, 11 ],
    [ 3328, 13 ],
    [ 7410, 17 ]
]

Level of weight 4 newform is [ 210, 3, 1 ]

First coefficient can be obtained from:  [ <16, 3>, <35, 5>, <45, 7>, <78, 11>,
<88, 13>, <150, 17> ]
Second coefficient is  <[ 0, 0, 0, 0, 0, 0 ], [ <-5, 5>, <-11, 7>, <-10, 11>,
<-16, 13>, <14, 17> ]>


---------------------------------------------------------


Transformation matrix is:
[0 0 1 0 0 0]
[0 0 0 1 0 0]
[1 0 0 0 0 0]
[0 1 0 0 0 0]
[0 0 0 0 0 1]
[0 0 0 0 1 0]

Diagonal matrix is:
[ 1  0  0  0  0  0]
[ 0  1  0  0  0  0]
[ 0  0  1  0  0  0]
[ 0  0  0 -1  0  0]
[ 0  0  0  0 -1  0]
[ 0  0  0  0  0 -1]

Point counts are [
    [ 85, 3 ],
    [ 331, 5 ],
    [ 743, 7 ],
    [ 2509, 11 ],
    [ 3563, 13 ],
    [ 8059, 17 ]
]

Good point counts are [
    [ 85, 3 ],
    [ 331, 5 ],
    [ 743, 7 ],
    [ 2509, 11 ],
    [ 3563, 13 ],
    [ 8059, 17 ]
]

Level of weight 4 newform is [ 0, 0, 0 ]

not modular


---------------------------------------------------------


Transformation matrix is:
[0 0 1 0 0 0]
[0 0 0 0 1 0]
[1 0 0 0 0 0]
[0 0 0 1 0 0]
[0 1 0 0 0 0]
[0 0 0 0 0 1]

Diagonal matrix is:
[ 1  0  0  0  0  0]
[ 0  1  0  0  0  0]
[ 0  0  1  0  0  0]
[ 0  0  0  1  0  0]
[ 0  0  0  0 -1  0]
[ 0  0  0  0  0 -1]

Point counts are [
    [ 79, 3 ],
    [ 306, 5 ],
    [ 652, 7 ],
    [ 2166, 11 ],
    [ 3328, 13 ],
    [ 7410, 17 ]
]

Good point counts are [
    [ 79, 3 ],
    [ 306, 5 ],
    [ 652, 7 ],
    [ 2166, 11 ],
    [ 3328, 13 ],
    [ 7410, 17 ]
]

Level of weight 4 newform is [ 210, 3, 1 ]

First coefficient can be obtained from:  [ <16, 3>, <35, 5>, <45, 7>, <78, 11>,
<88, 13>, <150, 17> ]
Second coefficient is  <[ 0, 0, 0, 0, 0, 0 ], [ <-5, 5>, <-11, 7>, <-10, 11>,
<-16, 13>, <14, 17> ]>


---------------------------------------------------------


Transformation matrix is:
[0 0 1 0 0 0]
[0 0 0 0 1 0]
[1 0 0 0 0 0]
[0 0 0 0 0 1]
[0 1 0 0 0 0]
[0 0 0 1 0 0]

Diagonal matrix is:
[ 1  0  0  0  0  0]
[ 0  1  0  0  0  0]
[ 0  0  1  0  0  0]
[ 0  0  0 -1  0  0]
[ 0  0  0  0 -1  0]
[ 0  0  0  0  0 -1]

Point counts are [
    [ 85, 3 ],
    [ 331, 5 ],
    [ 743, 7 ],
    [ 2509, 11 ],
    [ 3563, 13 ],
    [ 8059, 17 ]
]

Good point counts are [
    [ 85, 3 ],
    [ 331, 5 ],
    [ 743, 7 ],
    [ 2509, 11 ],
    [ 3563, 13 ],
    [ 8059, 17 ]
]

Level of weight 4 newform is [ 0, 0, 0 ]

not modular


---------------------------------------------------------


Transformation matrix is:
[0 0 1 0 0 0]
[0 0 0 0 0 1]
[1 0 0 0 0 0]
[0 0 0 1 0 0]
[0 0 0 0 1 0]
[0 1 0 0 0 0]

Diagonal matrix is:
[ 1  0  0  0  0  0]
[ 0  1  0  0  0  0]
[ 0  0  1  0  0  0]
[ 0  0  0  1  0  0]
[ 0  0  0  0 -1  0]
[ 0  0  0  0  0 -1]

Point counts are [
    [ 79, 3 ],
    [ 306, 5 ],
    [ 652, 7 ],
    [ 2166, 11 ],
    [ 3328, 13 ],
    [ 7410, 17 ]
]

Good point counts are [
    [ 79, 3 ],
    [ 306, 5 ],
    [ 652, 7 ],
    [ 2166, 11 ],
    [ 3328, 13 ],
    [ 7410, 17 ]
]

Level of weight 4 newform is [ 210, 3, 1 ]

First coefficient can be obtained from:  [ <16, 3>, <35, 5>, <45, 7>, <78, 11>,
<88, 13>, <150, 17> ]
Second coefficient is  <[ 0, 0, 0, 0, 0, 0 ], [ <-5, 5>, <-11, 7>, <-10, 11>,
<-16, 13>, <14, 17> ]>


---------------------------------------------------------


Transformation matrix is:
[0 0 1 0 0 0]
[0 0 0 0 0 1]
[1 0 0 0 0 0]
[0 0 0 0 1 0]
[0 0 0 1 0 0]
[0 1 0 0 0 0]

Diagonal matrix is:
[ 1  0  0  0  0  0]
[ 0  1  0  0  0  0]
[ 0  0  1  0  0  0]
[ 0  0  0 -1  0  0]
[ 0  0  0  0 -1  0]
[ 0  0  0  0  0 -1]

Point counts are [
    [ 85, 3 ],
    [ 331, 5 ],
    [ 743, 7 ],
    [ 2509, 11 ],
    [ 3563, 13 ],
    [ 8059, 17 ]
]

Good point counts are [
    [ 85, 3 ],
    [ 331, 5 ],
    [ 743, 7 ],
    [ 2509, 11 ],
    [ 3563, 13 ],
    [ 8059, 17 ]
]

Level of weight 4 newform is [ 0, 0, 0 ]

not modular


---------------------------------------------------------


Transformation matrix is:
[0 0 0 1 0 0]
[0 1 0 0 0 0]
[0 0 1 0 0 0]
[1 0 0 0 0 0]
[0 0 0 0 1 0]
[0 0 0 0 0 1]

Diagonal matrix is:
[ 1  0  0  0  0  0]
[ 0  1  0  0  0  0]
[ 0  0  1  0  0  0]
[ 0  0  0  1  0  0]
[ 0  0  0  0  1  0]
[ 0  0  0  0  0 -1]

Point counts are [
    [ 73, 3 ],
    [ 301, 5 ],
    [ 673, 7 ],
    [ 2311, 11 ],
    [ 3381, 13 ],
    [ 7481, 17 ]
]

Good point counts are [
    [ 73, 3 ],
    [ 301, 5 ],
    [ 673, 7 ],
    [ 2311, 11 ],
    [ 3381, 13 ],
    [ 7481, 17 ]
]

Level of weight 4 newform is [ 0, 0, 0 ]

not modular


---------------------------------------------------------


Transformation matrix is:
[0 0 0 1 0 0]
[0 1 0 0 0 0]
[0 0 1 0 0 0]
[1 0 0 0 0 0]
[0 0 0 0 0 1]
[0 0 0 0 1 0]

Diagonal matrix is:
[ 1  0  0  0  0  0]
[ 0  1  0  0  0  0]
[ 0  0  1  0  0  0]
[ 0  0  0  1  0  0]
[ 0  0  0  0 -1  0]
[ 0  0  0  0  0 -1]

Point counts are [
    [ 79, 3 ],
    [ 306, 5 ],
    [ 652, 7 ],
    [ 2166, 11 ],
    [ 3328, 13 ],
    [ 7410, 17 ]
]

Good point counts are [
    [ 79, 3 ],
    [ 306, 5 ],
    [ 652, 7 ],
    [ 2166, 11 ],
    [ 3328, 13 ],
    [ 7410, 17 ]
]

Level of weight 4 newform is [ 210, 3, 1 ]

First coefficient can be obtained from:  [ <16, 3>, <35, 5>, <45, 7>, <78, 11>,
<88, 13>, <150, 17> ]
Second coefficient is  <[ 0, 0, 0, 0, 0, 0 ], [ <-5, 5>, <-11, 7>, <-10, 11>,
<-16, 13>, <14, 17> ]>


---------------------------------------------------------


Transformation matrix is:
[0 0 0 1 0 0]
[0 1 0 0 0 0]
[0 0 0 0 1 0]
[1 0 0 0 0 0]
[0 0 1 0 0 0]
[0 0 0 0 0 1]

Diagonal matrix is:
[ 1  0  0  0  0  0]
[ 0  1  0  0  0  0]
[ 0  0  1  0  0  0]
[ 0  0  0  1  0  0]
[ 0  0  0  0 -1  0]
[ 0  0  0  0  0 -1]

Point counts are [
    [ 79, 3 ],
    [ 306, 5 ],
    [ 652, 7 ],
    [ 2166, 11 ],
    [ 3328, 13 ],
    [ 7410, 17 ]
]

Good point counts are [
    [ 79, 3 ],
    [ 306, 5 ],
    [ 652, 7 ],
    [ 2166, 11 ],
    [ 3328, 13 ],
    [ 7410, 17 ]
]

Level of weight 4 newform is [ 210, 3, 1 ]

First coefficient can be obtained from:  [ <16, 3>, <35, 5>, <45, 7>, <78, 11>,
<88, 13>, <150, 17> ]
Second coefficient is  <[ 0, 0, 0, 0, 0, 0 ], [ <-5, 5>, <-11, 7>, <-10, 11>,
<-16, 13>, <14, 17> ]>


---------------------------------------------------------


Transformation matrix is:
[0 0 0 1 0 0]
[0 1 0 0 0 0]
[0 0 0 0 0 1]
[1 0 0 0 0 0]
[0 0 0 0 1 0]
[0 0 1 0 0 0]

Diagonal matrix is:
[ 1  0  0  0  0  0]
[ 0  1  0  0  0  0]
[ 0  0  1  0  0  0]
[ 0  0  0  1  0  0]
[ 0  0  0  0 -1  0]
[ 0  0  0  0  0 -1]

Point counts are [
    [ 79, 3 ],
    [ 306, 5 ],
    [ 652, 7 ],
    [ 2166, 11 ],
    [ 3328, 13 ],
    [ 7410, 17 ]
]

Good point counts are [
    [ 79, 3 ],
    [ 306, 5 ],
    [ 652, 7 ],
    [ 2166, 11 ],
    [ 3328, 13 ],
    [ 7410, 17 ]
]

Level of weight 4 newform is [ 210, 3, 1 ]

First coefficient can be obtained from:  [ <16, 3>, <35, 5>, <45, 7>, <78, 11>,
<88, 13>, <150, 17> ]
Second coefficient is  <[ 0, 0, 0, 0, 0, 0 ], [ <-5, 5>, <-11, 7>, <-10, 11>,
<-16, 13>, <14, 17> ]>


---------------------------------------------------------


Transformation matrix is:
[0 0 0 1 0 0]
[0 0 1 0 0 0]
[0 1 0 0 0 0]
[1 0 0 0 0 0]
[0 0 0 0 1 0]
[0 0 0 0 0 1]

Diagonal matrix is:
[ 1  0  0  0  0  0]
[ 0  1  0  0  0  0]
[ 0  0  1  0  0  0]
[ 0  0  0  1  0  0]
[ 0  0  0  0 -1  0]
[ 0  0  0  0  0 -1]

Point counts are [
    [ 79, 3 ],
    [ 306, 5 ],
    [ 652, 7 ],
    [ 2166, 11 ],
    [ 3328, 13 ],
    [ 7410, 17 ]
]

Good point counts are [
    [ 79, 3 ],
    [ 306, 5 ],
    [ 652, 7 ],
    [ 2166, 11 ],
    [ 3328, 13 ],
    [ 7410, 17 ]
]

Level of weight 4 newform is [ 210, 3, 1 ]

First coefficient can be obtained from:  [ <16, 3>, <35, 5>, <45, 7>, <78, 11>,
<88, 13>, <150, 17> ]
Second coefficient is  <[ 0, 0, 0, 0, 0, 0 ], [ <-5, 5>, <-11, 7>, <-10, 11>,
<-16, 13>, <14, 17> ]>


---------------------------------------------------------


Transformation matrix is:
[0 0 0 1 0 0]
[0 0 1 0 0 0]
[0 1 0 0 0 0]
[1 0 0 0 0 0]
[0 0 0 0 0 1]
[0 0 0 0 1 0]

Diagonal matrix is:
[ 1  0  0  0  0  0]
[ 0  1  0  0  0  0]
[ 0  0  1  0  0  0]
[ 0  0  0 -1  0  0]
[ 0  0  0  0 -1  0]
[ 0  0  0  0  0 -1]

Point counts are [
    [ 85, 3 ],
    [ 331, 5 ],
    [ 743, 7 ],
    [ 2509, 11 ],
    [ 3563, 13 ],
    [ 8059, 17 ]
]

Good point counts are [
    [ 85, 3 ],
    [ 331, 5 ],
    [ 743, 7 ],
    [ 2509, 11 ],
    [ 3563, 13 ],
    [ 8059, 17 ]
]

Level of weight 4 newform is [ 0, 0, 0 ]

not modular


---------------------------------------------------------


Transformation matrix is:
[0 0 0 1 0 0]
[0 0 0 0 1 0]
[0 0 1 0 0 0]
[1 0 0 0 0 0]
[0 1 0 0 0 0]
[0 0 0 0 0 1]

Diagonal matrix is:
[ 1  0  0  0  0  0]
[ 0  1  0  0  0  0]
[ 0  0  1  0  0  0]
[ 0  0  0  1  0  0]
[ 0  0  0  0 -1  0]
[ 0  0  0  0  0 -1]

Point counts are [
    [ 79, 3 ],
    [ 306, 5 ],
    [ 652, 7 ],
    [ 2166, 11 ],
    [ 3328, 13 ],
    [ 7410, 17 ]
]

Good point counts are [
    [ 79, 3 ],
    [ 306, 5 ],
    [ 652, 7 ],
    [ 2166, 11 ],
    [ 3328, 13 ],
    [ 7410, 17 ]
]

Level of weight 4 newform is [ 210, 3, 1 ]

First coefficient can be obtained from:  [ <16, 3>, <35, 5>, <45, 7>, <78, 11>,
<88, 13>, <150, 17> ]
Second coefficient is  <[ 0, 0, 0, 0, 0, 0 ], [ <-5, 5>, <-11, 7>, <-10, 11>,
<-16, 13>, <14, 17> ]>


---------------------------------------------------------


Transformation matrix is:
[0 0 0 1 0 0]
[0 0 0 0 1 0]
[0 0 0 0 0 1]
[1 0 0 0 0 0]
[0 1 0 0 0 0]
[0 0 1 0 0 0]

Diagonal matrix is:
[ 1  0  0  0  0  0]
[ 0  1  0  0  0  0]
[ 0  0  1  0  0  0]
[ 0  0  0 -1  0  0]
[ 0  0  0  0 -1  0]
[ 0  0  0  0  0 -1]

Point counts are [
    [ 85, 3 ],
    [ 331, 5 ],
    [ 743, 7 ],
    [ 2509, 11 ],
    [ 3563, 13 ],
    [ 8059, 17 ]
]

Good point counts are [
    [ 85, 3 ],
    [ 331, 5 ],
    [ 743, 7 ],
    [ 2509, 11 ],
    [ 3563, 13 ],
    [ 8059, 17 ]
]

Level of weight 4 newform is [ 0, 0, 0 ]

not modular


---------------------------------------------------------


Transformation matrix is:
[0 0 0 1 0 0]
[0 0 0 0 0 1]
[0 0 1 0 0 0]
[1 0 0 0 0 0]
[0 0 0 0 1 0]
[0 1 0 0 0 0]

Diagonal matrix is:
[ 1  0  0  0  0  0]
[ 0  1  0  0  0  0]
[ 0  0  1  0  0  0]
[ 0  0  0  1  0  0]
[ 0  0  0  0 -1  0]
[ 0  0  0  0  0 -1]

Point counts are [
    [ 79, 3 ],
    [ 306, 5 ],
    [ 652, 7 ],
    [ 2166, 11 ],
    [ 3328, 13 ],
    [ 7410, 17 ]
]

Good point counts are [
    [ 79, 3 ],
    [ 306, 5 ],
    [ 652, 7 ],
    [ 2166, 11 ],
    [ 3328, 13 ],
    [ 7410, 17 ]
]

Level of weight 4 newform is [ 210, 3, 1 ]

First coefficient can be obtained from:  [ <16, 3>, <35, 5>, <45, 7>, <78, 11>,
<88, 13>, <150, 17> ]
Second coefficient is  <[ 0, 0, 0, 0, 0, 0 ], [ <-5, 5>, <-11, 7>, <-10, 11>,
<-16, 13>, <14, 17> ]>


---------------------------------------------------------


Transformation matrix is:
[0 0 0 1 0 0]
[0 0 0 0 0 1]
[0 0 0 0 1 0]
[1 0 0 0 0 0]
[0 0 1 0 0 0]
[0 1 0 0 0 0]

Diagonal matrix is:
[ 1  0  0  0  0  0]
[ 0  1  0  0  0  0]
[ 0  0  1  0  0  0]
[ 0  0  0 -1  0  0]
[ 0  0  0  0 -1  0]
[ 0  0  0  0  0 -1]

Point counts are [
    [ 85, 3 ],
    [ 331, 5 ],
    [ 743, 7 ],
    [ 2509, 11 ],
    [ 3563, 13 ],
    [ 8059, 17 ]
]

Good point counts are [
    [ 85, 3 ],
    [ 331, 5 ],
    [ 743, 7 ],
    [ 2509, 11 ],
    [ 3563, 13 ],
    [ 8059, 17 ]
]

Level of weight 4 newform is [ 0, 0, 0 ]

not modular


---------------------------------------------------------


Transformation matrix is:
[0 0 0 0 1 0]
[0 1 0 0 0 0]
[0 0 1 0 0 0]
[0 0 0 1 0 0]
[1 0 0 0 0 0]
[0 0 0 0 0 1]

Diagonal matrix is:
[ 1  0  0  0  0  0]
[ 0  1  0  0  0  0]
[ 0  0  1  0  0  0]
[ 0  0  0  1  0  0]
[ 0  0  0  0  1  0]
[ 0  0  0  0  0 -1]

Point counts are [
    [ 73, 3 ],
    [ 301, 5 ],
    [ 673, 7 ],
    [ 2311, 11 ],
    [ 3381, 13 ],
    [ 7481, 17 ]
]

Good point counts are [
    [ 73, 3 ],
    [ 301, 5 ],
    [ 673, 7 ],
    [ 2311, 11 ],
    [ 3381, 13 ],
    [ 7481, 17 ]
]

Level of weight 4 newform is [ 0, 0, 0 ]

not modular


---------------------------------------------------------


Transformation matrix is:
[0 0 0 0 1 0]
[0 1 0 0 0 0]
[0 0 1 0 0 0]
[0 0 0 0 0 1]
[1 0 0 0 0 0]
[0 0 0 1 0 0]

Diagonal matrix is:
[ 1  0  0  0  0  0]
[ 0  1  0  0  0  0]
[ 0  0  1  0  0  0]
[ 0  0  0  1  0  0]
[ 0  0  0  0 -1  0]
[ 0  0  0  0  0 -1]

Point counts are [
    [ 79, 3 ],
    [ 306, 5 ],
    [ 652, 7 ],
    [ 2166, 11 ],
    [ 3328, 13 ],
    [ 7410, 17 ]
]

Good point counts are [
    [ 79, 3 ],
    [ 306, 5 ],
    [ 652, 7 ],
    [ 2166, 11 ],
    [ 3328, 13 ],
    [ 7410, 17 ]
]

Level of weight 4 newform is [ 210, 3, 1 ]

First coefficient can be obtained from:  [ <16, 3>, <35, 5>, <45, 7>, <78, 11>,
<88, 13>, <150, 17> ]
Second coefficient is  <[ 0, 0, 0, 0, 0, 0 ], [ <-5, 5>, <-11, 7>, <-10, 11>,
<-16, 13>, <14, 17> ]>


---------------------------------------------------------


Transformation matrix is:
[0 0 0 0 1 0]
[0 1 0 0 0 0]
[0 0 0 1 0 0]
[0 0 1 0 0 0]
[1 0 0 0 0 0]
[0 0 0 0 0 1]

Diagonal matrix is:
[ 1  0  0  0  0  0]
[ 0  1  0  0  0  0]
[ 0  0  1  0  0  0]
[ 0  0  0  1  0  0]
[ 0  0  0  0 -1  0]
[ 0  0  0  0  0 -1]

Point counts are [
    [ 79, 3 ],
    [ 306, 5 ],
    [ 652, 7 ],
    [ 2166, 11 ],
    [ 3328, 13 ],
    [ 7410, 17 ]
]

Good point counts are [
    [ 79, 3 ],
    [ 306, 5 ],
    [ 652, 7 ],
    [ 2166, 11 ],
    [ 3328, 13 ],
    [ 7410, 17 ]
]

Level of weight 4 newform is [ 210, 3, 1 ]

First coefficient can be obtained from:  [ <16, 3>, <35, 5>, <45, 7>, <78, 11>,
<88, 13>, <150, 17> ]
Second coefficient is  <[ 0, 0, 0, 0, 0, 0 ], [ <-5, 5>, <-11, 7>, <-10, 11>,
<-16, 13>, <14, 17> ]>


---------------------------------------------------------


Transformation matrix is:
[0 0 0 0 1 0]
[0 1 0 0 0 0]
[0 0 0 0 0 1]
[0 0 0 1 0 0]
[1 0 0 0 0 0]
[0 0 1 0 0 0]

Diagonal matrix is:
[ 1  0  0  0  0  0]
[ 0  1  0  0  0  0]
[ 0  0  1  0  0  0]
[ 0  0  0  1  0  0]
[ 0  0  0  0 -1  0]
[ 0  0  0  0  0 -1]

Point counts are [
    [ 79, 3 ],
    [ 306, 5 ],
    [ 652, 7 ],
    [ 2166, 11 ],
    [ 3328, 13 ],
    [ 7410, 17 ]
]

Good point counts are [
    [ 79, 3 ],
    [ 306, 5 ],
    [ 652, 7 ],
    [ 2166, 11 ],
    [ 3328, 13 ],
    [ 7410, 17 ]
]

Level of weight 4 newform is [ 210, 3, 1 ]

First coefficient can be obtained from:  [ <16, 3>, <35, 5>, <45, 7>, <78, 11>,
<88, 13>, <150, 17> ]
Second coefficient is  <[ 0, 0, 0, 0, 0, 0 ], [ <-5, 5>, <-11, 7>, <-10, 11>,
<-16, 13>, <14, 17> ]>


---------------------------------------------------------


Transformation matrix is:
[0 0 0 0 1 0]
[0 0 1 0 0 0]
[0 1 0 0 0 0]
[0 0 0 1 0 0]
[1 0 0 0 0 0]
[0 0 0 0 0 1]

Diagonal matrix is:
[ 1  0  0  0  0  0]
[ 0  1  0  0  0  0]
[ 0  0  1  0  0  0]
[ 0  0  0  1  0  0]
[ 0  0  0  0 -1  0]
[ 0  0  0  0  0 -1]

Point counts are [
    [ 79, 3 ],
    [ 306, 5 ],
    [ 652, 7 ],
    [ 2166, 11 ],
    [ 3328, 13 ],
    [ 7410, 17 ]
]

Good point counts are [
    [ 79, 3 ],
    [ 306, 5 ],
    [ 652, 7 ],
    [ 2166, 11 ],
    [ 3328, 13 ],
    [ 7410, 17 ]
]

Level of weight 4 newform is [ 210, 3, 1 ]

First coefficient can be obtained from:  [ <16, 3>, <35, 5>, <45, 7>, <78, 11>,
<88, 13>, <150, 17> ]
Second coefficient is  <[ 0, 0, 0, 0, 0, 0 ], [ <-5, 5>, <-11, 7>, <-10, 11>,
<-16, 13>, <14, 17> ]>


---------------------------------------------------------


Transformation matrix is:
[0 0 0 0 1 0]
[0 0 1 0 0 0]
[0 1 0 0 0 0]
[0 0 0 0 0 1]
[1 0 0 0 0 0]
[0 0 0 1 0 0]

Diagonal matrix is:
[ 1  0  0  0  0  0]
[ 0  1  0  0  0  0]
[ 0  0  1  0  0  0]
[ 0  0  0 -1  0  0]
[ 0  0  0  0 -1  0]
[ 0  0  0  0  0 -1]

Point counts are [
    [ 85, 3 ],
    [ 331, 5 ],
    [ 743, 7 ],
    [ 2509, 11 ],
    [ 3563, 13 ],
    [ 8059, 17 ]
]

Good point counts are [
    [ 85, 3 ],
    [ 331, 5 ],
    [ 743, 7 ],
    [ 2509, 11 ],
    [ 3563, 13 ],
    [ 8059, 17 ]
]

Level of weight 4 newform is [ 0, 0, 0 ]

not modular


---------------------------------------------------------


Transformation matrix is:
[0 0 0 0 1 0]
[0 0 0 1 0 0]
[0 0 1 0 0 0]
[0 1 0 0 0 0]
[1 0 0 0 0 0]
[0 0 0 0 0 1]

Diagonal matrix is:
[ 1  0  0  0  0  0]
[ 0  1  0  0  0  0]
[ 0  0  1  0  0  0]
[ 0  0  0  1  0  0]
[ 0  0  0  0 -1  0]
[ 0  0  0  0  0 -1]

Point counts are [
    [ 79, 3 ],
    [ 306, 5 ],
    [ 652, 7 ],
    [ 2166, 11 ],
    [ 3328, 13 ],
    [ 7410, 17 ]
]

Good point counts are [
    [ 79, 3 ],
    [ 306, 5 ],
    [ 652, 7 ],
    [ 2166, 11 ],
    [ 3328, 13 ],
    [ 7410, 17 ]
]

Level of weight 4 newform is [ 210, 3, 1 ]

First coefficient can be obtained from:  [ <16, 3>, <35, 5>, <45, 7>, <78, 11>,
<88, 13>, <150, 17> ]
Second coefficient is  <[ 0, 0, 0, 0, 0, 0 ], [ <-5, 5>, <-11, 7>, <-10, 11>,
<-16, 13>, <14, 17> ]>


---------------------------------------------------------


Transformation matrix is:
[0 0 0 0 1 0]
[0 0 0 1 0 0]
[0 0 0 0 0 1]
[0 1 0 0 0 0]
[1 0 0 0 0 0]
[0 0 1 0 0 0]

Diagonal matrix is:
[ 1  0  0  0  0  0]
[ 0  1  0  0  0  0]
[ 0  0  1  0  0  0]
[ 0  0  0 -1  0  0]
[ 0  0  0  0 -1  0]
[ 0  0  0  0  0 -1]

Point counts are [
    [ 85, 3 ],
    [ 331, 5 ],
    [ 743, 7 ],
    [ 2509, 11 ],
    [ 3563, 13 ],
    [ 8059, 17 ]
]

Good point counts are [
    [ 85, 3 ],
    [ 331, 5 ],
    [ 743, 7 ],
    [ 2509, 11 ],
    [ 3563, 13 ],
    [ 8059, 17 ]
]

Level of weight 4 newform is [ 0, 0, 0 ]

not modular


---------------------------------------------------------


Transformation matrix is:
[0 0 0 0 1 0]
[0 0 0 0 0 1]
[0 0 1 0 0 0]
[0 0 0 1 0 0]
[1 0 0 0 0 0]
[0 1 0 0 0 0]

Diagonal matrix is:
[ 1  0  0  0  0  0]
[ 0  1  0  0  0  0]
[ 0  0  1  0  0  0]
[ 0  0  0  1  0  0]
[ 0  0  0  0 -1  0]
[ 0  0  0  0  0 -1]

Point counts are [
    [ 79, 3 ],
    [ 306, 5 ],
    [ 652, 7 ],
    [ 2166, 11 ],
    [ 3328, 13 ],
    [ 7410, 17 ]
]

Good point counts are [
    [ 79, 3 ],
    [ 306, 5 ],
    [ 652, 7 ],
    [ 2166, 11 ],
    [ 3328, 13 ],
    [ 7410, 17 ]
]

Level of weight 4 newform is [ 210, 3, 1 ]

First coefficient can be obtained from:  [ <16, 3>, <35, 5>, <45, 7>, <78, 11>,
<88, 13>, <150, 17> ]
Second coefficient is  <[ 0, 0, 0, 0, 0, 0 ], [ <-5, 5>, <-11, 7>, <-10, 11>,
<-16, 13>, <14, 17> ]>


---------------------------------------------------------


Transformation matrix is:
[0 0 0 0 1 0]
[0 0 0 0 0 1]
[0 0 0 1 0 0]
[0 0 1 0 0 0]
[1 0 0 0 0 0]
[0 1 0 0 0 0]

Diagonal matrix is:
[ 1  0  0  0  0  0]
[ 0  1  0  0  0  0]
[ 0  0  1  0  0  0]
[ 0  0  0 -1  0  0]
[ 0  0  0  0 -1  0]
[ 0  0  0  0  0 -1]

Point counts are [
    [ 85, 3 ],
    [ 331, 5 ],
    [ 743, 7 ],
    [ 2509, 11 ],
    [ 3563, 13 ],
    [ 8059, 17 ]
]

Good point counts are [
    [ 85, 3 ],
    [ 331, 5 ],
    [ 743, 7 ],
    [ 2509, 11 ],
    [ 3563, 13 ],
    [ 8059, 17 ]
]

Level of weight 4 newform is [ 0, 0, 0 ]

not modular


---------------------------------------------------------


Transformation matrix is:
[0 0 0 0 0 1]
[0 1 0 0 0 0]
[0 0 1 0 0 0]
[0 0 0 1 0 0]
[0 0 0 0 1 0]
[1 0 0 0 0 0]

Diagonal matrix is:
[ 1  0  0  0  0  0]
[ 0  1  0  0  0  0]
[ 0  0  1  0  0  0]
[ 0  0  0  1  0  0]
[ 0  0  0  0  1  0]
[ 0  0  0  0  0 -1]

Point counts are [
    [ 73, 3 ],
    [ 301, 5 ],
    [ 673, 7 ],
    [ 2311, 11 ],
    [ 3381, 13 ],
    [ 7481, 17 ]
]

Good point counts are [
    [ 73, 3 ],
    [ 301, 5 ],
    [ 673, 7 ],
    [ 2311, 11 ],
    [ 3381, 13 ],
    [ 7481, 17 ]
]

Level of weight 4 newform is [ 0, 0, 0 ]

not modular


---------------------------------------------------------


Transformation matrix is:
[0 0 0 0 0 1]
[0 1 0 0 0 0]
[0 0 1 0 0 0]
[0 0 0 0 1 0]
[0 0 0 1 0 0]
[1 0 0 0 0 0]

Diagonal matrix is:
[ 1  0  0  0  0  0]
[ 0  1  0  0  0  0]
[ 0  0  1  0  0  0]
[ 0  0  0  1  0  0]
[ 0  0  0  0 -1  0]
[ 0  0  0  0  0 -1]

Point counts are [
    [ 79, 3 ],
    [ 306, 5 ],
    [ 652, 7 ],
    [ 2166, 11 ],
    [ 3328, 13 ],
    [ 7410, 17 ]
]

Good point counts are [
    [ 79, 3 ],
    [ 306, 5 ],
    [ 652, 7 ],
    [ 2166, 11 ],
    [ 3328, 13 ],
    [ 7410, 17 ]
]

Level of weight 4 newform is [ 210, 3, 1 ]

First coefficient can be obtained from:  [ <16, 3>, <35, 5>, <45, 7>, <78, 11>,
<88, 13>, <150, 17> ]
Second coefficient is  <[ 0, 0, 0, 0, 0, 0 ], [ <-5, 5>, <-11, 7>, <-10, 11>,
<-16, 13>, <14, 17> ]>


---------------------------------------------------------


Transformation matrix is:
[0 0 0 0 0 1]
[0 1 0 0 0 0]
[0 0 0 1 0 0]
[0 0 1 0 0 0]
[0 0 0 0 1 0]
[1 0 0 0 0 0]

Diagonal matrix is:
[ 1  0  0  0  0  0]
[ 0  1  0  0  0  0]
[ 0  0  1  0  0  0]
[ 0  0  0  1  0  0]
[ 0  0  0  0 -1  0]
[ 0  0  0  0  0 -1]

Point counts are [
    [ 79, 3 ],
    [ 306, 5 ],
    [ 652, 7 ],
    [ 2166, 11 ],
    [ 3328, 13 ],
    [ 7410, 17 ]
]

Good point counts are [
    [ 79, 3 ],
    [ 306, 5 ],
    [ 652, 7 ],
    [ 2166, 11 ],
    [ 3328, 13 ],
    [ 7410, 17 ]
]

Level of weight 4 newform is [ 210, 3, 1 ]

First coefficient can be obtained from:  [ <16, 3>, <35, 5>, <45, 7>, <78, 11>,
<88, 13>, <150, 17> ]
Second coefficient is  <[ 0, 0, 0, 0, 0, 0 ], [ <-5, 5>, <-11, 7>, <-10, 11>,
<-16, 13>, <14, 17> ]>


---------------------------------------------------------


Transformation matrix is:
[0 0 0 0 0 1]
[0 1 0 0 0 0]
[0 0 0 0 1 0]
[0 0 0 1 0 0]
[0 0 1 0 0 0]
[1 0 0 0 0 0]

Diagonal matrix is:
[ 1  0  0  0  0  0]
[ 0  1  0  0  0  0]
[ 0  0  1  0  0  0]
[ 0  0  0  1  0  0]
[ 0  0  0  0 -1  0]
[ 0  0  0  0  0 -1]

Point counts are [
    [ 79, 3 ],
    [ 306, 5 ],
    [ 652, 7 ],
    [ 2166, 11 ],
    [ 3328, 13 ],
    [ 7410, 17 ]
]

Good point counts are [
    [ 79, 3 ],
    [ 306, 5 ],
    [ 652, 7 ],
    [ 2166, 11 ],
    [ 3328, 13 ],
    [ 7410, 17 ]
]

Level of weight 4 newform is [ 210, 3, 1 ]

First coefficient can be obtained from:  [ <16, 3>, <35, 5>, <45, 7>, <78, 11>,
<88, 13>, <150, 17> ]
Second coefficient is  <[ 0, 0, 0, 0, 0, 0 ], [ <-5, 5>, <-11, 7>, <-10, 11>,
<-16, 13>, <14, 17> ]>


---------------------------------------------------------


Transformation matrix is:
[0 0 0 0 0 1]
[0 0 1 0 0 0]
[0 1 0 0 0 0]
[0 0 0 1 0 0]
[0 0 0 0 1 0]
[1 0 0 0 0 0]

Diagonal matrix is:
[ 1  0  0  0  0  0]
[ 0  1  0  0  0  0]
[ 0  0  1  0  0  0]
[ 0  0  0  1  0  0]
[ 0  0  0  0 -1  0]
[ 0  0  0  0  0 -1]

Point counts are [
    [ 79, 3 ],
    [ 306, 5 ],
    [ 652, 7 ],
    [ 2166, 11 ],
    [ 3328, 13 ],
    [ 7410, 17 ]
]

Good point counts are [
    [ 79, 3 ],
    [ 306, 5 ],
    [ 652, 7 ],
    [ 2166, 11 ],
    [ 3328, 13 ],
    [ 7410, 17 ]
]

Level of weight 4 newform is [ 210, 3, 1 ]

First coefficient can be obtained from:  [ <16, 3>, <35, 5>, <45, 7>, <78, 11>,
<88, 13>, <150, 17> ]
Second coefficient is  <[ 0, 0, 0, 0, 0, 0 ], [ <-5, 5>, <-11, 7>, <-10, 11>,
<-16, 13>, <14, 17> ]>


---------------------------------------------------------


Transformation matrix is:
[0 0 0 0 0 1]
[0 0 1 0 0 0]
[0 1 0 0 0 0]
[0 0 0 0 1 0]
[0 0 0 1 0 0]
[1 0 0 0 0 0]

Diagonal matrix is:
[ 1  0  0  0  0  0]
[ 0  1  0  0  0  0]
[ 0  0  1  0  0  0]
[ 0  0  0 -1  0  0]
[ 0  0  0  0 -1  0]
[ 0  0  0  0  0 -1]

Point counts are [
    [ 85, 3 ],
    [ 331, 5 ],
    [ 743, 7 ],
    [ 2509, 11 ],
    [ 3563, 13 ],
    [ 8059, 17 ]
]

Good point counts are [
    [ 85, 3 ],
    [ 331, 5 ],
    [ 743, 7 ],
    [ 2509, 11 ],
    [ 3563, 13 ],
    [ 8059, 17 ]
]

Level of weight 4 newform is [ 0, 0, 0 ]

not modular


---------------------------------------------------------


Transformation matrix is:
[0 0 0 0 0 1]
[0 0 0 1 0 0]
[0 0 1 0 0 0]
[0 1 0 0 0 0]
[0 0 0 0 1 0]
[1 0 0 0 0 0]

Diagonal matrix is:
[ 1  0  0  0  0  0]
[ 0  1  0  0  0  0]
[ 0  0  1  0  0  0]
[ 0  0  0  1  0  0]
[ 0  0  0  0 -1  0]
[ 0  0  0  0  0 -1]

Point counts are [
    [ 79, 3 ],
    [ 306, 5 ],
    [ 652, 7 ],
    [ 2166, 11 ],
    [ 3328, 13 ],
    [ 7410, 17 ]
]

Good point counts are [
    [ 79, 3 ],
    [ 306, 5 ],
    [ 652, 7 ],
    [ 2166, 11 ],
    [ 3328, 13 ],
    [ 7410, 17 ]
]

Level of weight 4 newform is [ 210, 3, 1 ]

First coefficient can be obtained from:  [ <16, 3>, <35, 5>, <45, 7>, <78, 11>,
<88, 13>, <150, 17> ]
Second coefficient is  <[ 0, 0, 0, 0, 0, 0 ], [ <-5, 5>, <-11, 7>, <-10, 11>,
<-16, 13>, <14, 17> ]>


---------------------------------------------------------


Transformation matrix is:
[0 0 0 0 0 1]
[0 0 0 1 0 0]
[0 0 0 0 1 0]
[0 1 0 0 0 0]
[0 0 1 0 0 0]
[1 0 0 0 0 0]

Diagonal matrix is:
[ 1  0  0  0  0  0]
[ 0  1  0  0  0  0]
[ 0  0  1  0  0  0]
[ 0  0  0 -1  0  0]
[ 0  0  0  0 -1  0]
[ 0  0  0  0  0 -1]

Point counts are [
    [ 85, 3 ],
    [ 331, 5 ],
    [ 743, 7 ],
    [ 2509, 11 ],
    [ 3563, 13 ],
    [ 8059, 17 ]
]

Good point counts are [
    [ 85, 3 ],
    [ 331, 5 ],
    [ 743, 7 ],
    [ 2509, 11 ],
    [ 3563, 13 ],
    [ 8059, 17 ]
]

Level of weight 4 newform is [ 0, 0, 0 ]

not modular


---------------------------------------------------------


Transformation matrix is:
[0 0 0 0 0 1]
[0 0 0 0 1 0]
[0 0 1 0 0 0]
[0 0 0 1 0 0]
[0 1 0 0 0 0]
[1 0 0 0 0 0]

Diagonal matrix is:
[ 1  0  0  0  0  0]
[ 0  1  0  0  0  0]
[ 0  0  1  0  0  0]
[ 0  0  0  1  0  0]
[ 0  0  0  0 -1  0]
[ 0  0  0  0  0 -1]

Point counts are [
    [ 79, 3 ],
    [ 306, 5 ],
    [ 652, 7 ],
    [ 2166, 11 ],
    [ 3328, 13 ],
    [ 7410, 17 ]
]

Good point counts are [
    [ 79, 3 ],
    [ 306, 5 ],
    [ 652, 7 ],
    [ 2166, 11 ],
    [ 3328, 13 ],
    [ 7410, 17 ]
]

Level of weight 4 newform is [ 210, 3, 1 ]

First coefficient can be obtained from:  [ <16, 3>, <35, 5>, <45, 7>, <78, 11>,
<88, 13>, <150, 17> ]
Second coefficient is  <[ 0, 0, 0, 0, 0, 0 ], [ <-5, 5>, <-11, 7>, <-10, 11>,
<-16, 13>, <14, 17> ]>


---------------------------------------------------------


Transformation matrix is:
[0 0 0 0 0 1]
[0 0 0 0 1 0]
[0 0 0 1 0 0]
[0 0 1 0 0 0]
[0 1 0 0 0 0]
[1 0 0 0 0 0]

Diagonal matrix is:
[ 1  0  0  0  0  0]
[ 0  1  0  0  0  0]
[ 0  0  1  0  0  0]
[ 0  0  0 -1  0  0]
[ 0  0  0  0 -1  0]
[ 0  0  0  0  0 -1]

Point counts are [
    [ 85, 3 ],
    [ 331, 5 ],
    [ 743, 7 ],
    [ 2509, 11 ],
    [ 3563, 13 ],
    [ 8059, 17 ]
]

Good point counts are [
    [ 85, 3 ],
    [ 331, 5 ],
    [ 743, 7 ],
    [ 2509, 11 ],
    [ 3563, 13 ],
    [ 8059, 17 ]
]

Level of weight 4 newform is [ 0, 0, 0 ]

not modular


---------------------------------------------------------

