Transformation matrix is:
[1 0 0 0 0 0]
[0 1 0 0 0 0]
[0 0 0 1 0 0]
[0 0 1 0 0 0]
[0 0 0 0 0 1]
[0 0 0 0 1 0]

Diagonal matrix is:
[ 1  0  0  0  0  0]
[ 0  1  0  0  0  0]
[ 0  0  1  0  0  0]
[ 0  0  0  1  0  0]
[ 0  0  0  0 -1  0]
[ 0  0  0  0  0 -1]

Point counts are [
    [ 79, 3 ],
    [ 320, 5 ],
    [ 780, 7 ],
    [ 2288, 11 ],
    [ 4188, 13 ],
    [ 7352, 17 ],
    [ 11628, 19 ],
    [ 16232, 23 ]
]

Good point counts are [
    [ 79, 3 ],
    [ 320, 5 ],
    [ 780, 7 ],
    [ 2288, 11 ],
    [ 4188, 13 ],
    [ 7352, 17 ],
    [ 11628, 19 ],
    [ 16232, 23 ]
]

Level of weight 4 newform is [ 6, 1, 1 ]

First coefficient can be obtained from:  [ <16, 3>, <40, 5>, <60, 7>, <88, 11>,
<156, 13>, <136, 17>, <252, 19>, <184, 23> ]
Second coefficient is  <[ 0, 0, 0, 0, 0, 0 ], [ <0, 5>, <4, 7>, <0, 11>, <52,
13>, <0, 17>, <100, 19>, <0, 23> ]>


---------------------------------------------------------


Transformation matrix is:
[1 0 0 0 0 0]
[0 1 0 0 0 0]
[0 0 0 0 1 0]
[0 0 0 1 0 0]
[0 0 1 0 0 0]
[0 0 0 0 0 1]

Diagonal matrix is:
[ 1  0  0  0  0  0]
[ 0  1  0  0  0  0]
[ 0  0  1  0  0  0]
[ 0  0  0  1  0  0]
[ 0  0  0  0  1  0]
[ 0  0  0  0  0 -1]

Point counts are [
    [ 73, 3 ],
    [ 281, 5 ],
    [ 771, 7 ],
    [ 2069, 11 ],
    [ 4083, 13 ],
    [ 6665, 17 ],
    [ 11211, 19 ],
    [ 15365, 23 ]
]

Good point counts are [
    [ 73, 3 ],
    [ 281, 5 ],
    [ 771, 7 ],
    [ 2069, 11 ],
    [ 4083, 13 ],
    [ 6665, 17 ],
    [ 11211, 19 ],
    [ 15365, 23 ]
]

Level of weight 4 newform is [ 0, 0, 0 ]

not modular


---------------------------------------------------------


Transformation matrix is:
[1 0 0 0 0 0]
[0 1 0 0 0 0]
[0 0 0 0 1 0]
[0 0 0 0 0 1]
[0 0 1 0 0 0]
[0 0 0 1 0 0]

Diagonal matrix is:
[ 1  0  0  0  0  0]
[ 0  1  0  0  0  0]
[ 0  0  1  0  0  0]
[ 0  0  0  1  0  0]
[ 0  0  0  0 -1  0]
[ 0  0  0  0  0 -1]

Point counts are [
    [ 79, 3 ],
    [ 320, 5 ],
    [ 780, 7 ],
    [ 2288, 11 ],
    [ 4188, 13 ],
    [ 7352, 17 ],
    [ 11628, 19 ],
    [ 16232, 23 ]
]

Good point counts are [
    [ 79, 3 ],
    [ 320, 5 ],
    [ 780, 7 ],
    [ 2288, 11 ],
    [ 4188, 13 ],
    [ 7352, 17 ],
    [ 11628, 19 ],
    [ 16232, 23 ]
]

Level of weight 4 newform is [ 6, 1, 1 ]

First coefficient can be obtained from:  [ <16, 3>, <40, 5>, <60, 7>, <88, 11>,
<156, 13>, <136, 17>, <252, 19>, <184, 23> ]
Second coefficient is  <[ 0, 0, 0, 0, 0, 0 ], [ <0, 5>, <4, 7>, <0, 11>, <52,
13>, <0, 17>, <100, 19>, <0, 23> ]>


---------------------------------------------------------


Transformation matrix is:
[1 0 0 0 0 0]
[0 1 0 0 0 0]
[0 0 0 0 0 1]
[0 0 0 1 0 0]
[0 0 0 0 1 0]
[0 0 1 0 0 0]

Diagonal matrix is:
[ 1  0  0  0  0  0]
[ 0  1  0  0  0  0]
[ 0  0  1  0  0  0]
[ 0  0  0  1  0  0]
[ 0  0  0  0  1  0]
[ 0  0  0  0  0 -1]

Point counts are [
    [ 73, 3 ],
    [ 281, 5 ],
    [ 771, 7 ],
    [ 2069, 11 ],
    [ 4083, 13 ],
    [ 6665, 17 ],
    [ 11211, 19 ],
    [ 15365, 23 ]
]

Good point counts are [
    [ 73, 3 ],
    [ 281, 5 ],
    [ 771, 7 ],
    [ 2069, 11 ],
    [ 4083, 13 ],
    [ 6665, 17 ],
    [ 11211, 19 ],
    [ 15365, 23 ]
]

Level of weight 4 newform is [ 0, 0, 0 ]

not modular


---------------------------------------------------------


Transformation matrix is:
[1 0 0 0 0 0]
[0 1 0 0 0 0]
[0 0 0 0 0 1]
[0 0 0 0 1 0]
[0 0 0 1 0 0]
[0 0 1 0 0 0]

Diagonal matrix is:
[ 1  0  0  0  0  0]
[ 0  1  0  0  0  0]
[ 0  0  1  0  0  0]
[ 0  0  0  1  0  0]
[ 0  0  0  0 -1  0]
[ 0  0  0  0  0 -1]

Point counts are [
    [ 79, 3 ],
    [ 320, 5 ],
    [ 780, 7 ],
    [ 2288, 11 ],
    [ 4188, 13 ],
    [ 7352, 17 ],
    [ 11628, 19 ],
    [ 16232, 23 ]
]

Good point counts are [
    [ 79, 3 ],
    [ 320, 5 ],
    [ 780, 7 ],
    [ 2288, 11 ],
    [ 4188, 13 ],
    [ 7352, 17 ],
    [ 11628, 19 ],
    [ 16232, 23 ]
]

Level of weight 4 newform is [ 6, 1, 1 ]

First coefficient can be obtained from:  [ <16, 3>, <40, 5>, <60, 7>, <88, 11>,
<156, 13>, <136, 17>, <252, 19>, <184, 23> ]
Second coefficient is  <[ 0, 0, 0, 0, 0, 0 ], [ <0, 5>, <4, 7>, <0, 11>, <52,
13>, <0, 17>, <100, 19>, <0, 23> ]>


---------------------------------------------------------


Transformation matrix is:
[1 0 0 0 0 0]
[0 0 1 0 0 0]
[0 1 0 0 0 0]
[0 0 0 1 0 0]
[0 0 0 0 1 0]
[0 0 0 0 0 1]

Diagonal matrix is:
[ 1  0  0  0  0  0]
[ 0  1  0  0  0  0]
[ 0  0  1  0  0  0]
[ 0  0  0  1  0  0]
[ 0  0  0  0  1  0]
[ 0  0  0  0  0 -1]

Point counts are [
    [ 73, 3 ],
    [ 281, 5 ],
    [ 771, 7 ],
    [ 2069, 11 ],
    [ 4083, 13 ],
    [ 6665, 17 ],
    [ 11211, 19 ],
    [ 15365, 23 ]
]

Good point counts are [
    [ 73, 3 ],
    [ 281, 5 ],
    [ 771, 7 ],
    [ 2069, 11 ],
    [ 4083, 13 ],
    [ 6665, 17 ],
    [ 11211, 19 ],
    [ 15365, 23 ]
]

Level of weight 4 newform is [ 0, 0, 0 ]

not modular


---------------------------------------------------------


Transformation matrix is:
[1 0 0 0 0 0]
[0 0 1 0 0 0]
[0 1 0 0 0 0]
[0 0 0 1 0 0]
[0 0 0 0 0 1]
[0 0 0 0 1 0]

Diagonal matrix is:
[ 1  0  0  0  0  0]
[ 0  1  0  0  0  0]
[ 0  0  1  0  0  0]
[ 0  0  0  1  0  0]
[ 0  0  0  0 -1  0]
[ 0  0  0  0  0 -1]

Point counts are [
    [ 79, 3 ],
    [ 320, 5 ],
    [ 780, 7 ],
    [ 2288, 11 ],
    [ 4188, 13 ],
    [ 7352, 17 ],
    [ 11628, 19 ],
    [ 16232, 23 ]
]

Good point counts are [
    [ 79, 3 ],
    [ 320, 5 ],
    [ 780, 7 ],
    [ 2288, 11 ],
    [ 4188, 13 ],
    [ 7352, 17 ],
    [ 11628, 19 ],
    [ 16232, 23 ]
]

Level of weight 4 newform is [ 6, 1, 1 ]

First coefficient can be obtained from:  [ <16, 3>, <40, 5>, <60, 7>, <88, 11>,
<156, 13>, <136, 17>, <252, 19>, <184, 23> ]
Second coefficient is  <[ 0, 0, 0, 0, 0, 0 ], [ <0, 5>, <4, 7>, <0, 11>, <52,
13>, <0, 17>, <100, 19>, <0, 23> ]>


---------------------------------------------------------


Transformation matrix is:
[1 0 0 0 0 0]
[0 0 1 0 0 0]
[0 1 0 0 0 0]
[0 0 0 0 1 0]
[0 0 0 1 0 0]
[0 0 0 0 0 1]

Diagonal matrix is:
[ 1  0  0  0  0  0]
[ 0  1  0  0  0  0]
[ 0  0  1  0  0  0]
[ 0  0  0  1  0  0]
[ 0  0  0  0 -1  0]
[ 0  0  0  0  0 -1]

Point counts are [
    [ 79, 3 ],
    [ 320, 5 ],
    [ 780, 7 ],
    [ 2288, 11 ],
    [ 4188, 13 ],
    [ 7352, 17 ],
    [ 11628, 19 ],
    [ 16232, 23 ]
]

Good point counts are [
    [ 79, 3 ],
    [ 320, 5 ],
    [ 780, 7 ],
    [ 2288, 11 ],
    [ 4188, 13 ],
    [ 7352, 17 ],
    [ 11628, 19 ],
    [ 16232, 23 ]
]

Level of weight 4 newform is [ 6, 1, 1 ]

First coefficient can be obtained from:  [ <16, 3>, <40, 5>, <60, 7>, <88, 11>,
<156, 13>, <136, 17>, <252, 19>, <184, 23> ]
Second coefficient is  <[ 0, 0, 0, 0, 0, 0 ], [ <0, 5>, <4, 7>, <0, 11>, <52,
13>, <0, 17>, <100, 19>, <0, 23> ]>


---------------------------------------------------------


Transformation matrix is:
[1 0 0 0 0 0]
[0 0 1 0 0 0]
[0 1 0 0 0 0]
[0 0 0 0 0 1]
[0 0 0 0 1 0]
[0 0 0 1 0 0]

Diagonal matrix is:
[ 1  0  0  0  0  0]
[ 0  1  0  0  0  0]
[ 0  0  1  0  0  0]
[ 0  0  0  1  0  0]
[ 0  0  0  0 -1  0]
[ 0  0  0  0  0 -1]

Point counts are [
    [ 79, 3 ],
    [ 320, 5 ],
    [ 780, 7 ],
    [ 2288, 11 ],
    [ 4188, 13 ],
    [ 7352, 17 ],
    [ 11628, 19 ],
    [ 16232, 23 ]
]

Good point counts are [
    [ 79, 3 ],
    [ 320, 5 ],
    [ 780, 7 ],
    [ 2288, 11 ],
    [ 4188, 13 ],
    [ 7352, 17 ],
    [ 11628, 19 ],
    [ 16232, 23 ]
]

Level of weight 4 newform is [ 6, 1, 1 ]

First coefficient can be obtained from:  [ <16, 3>, <40, 5>, <60, 7>, <88, 11>,
<156, 13>, <136, 17>, <252, 19>, <184, 23> ]
Second coefficient is  <[ 0, 0, 0, 0, 0, 0 ], [ <0, 5>, <4, 7>, <0, 11>, <52,
13>, <0, 17>, <100, 19>, <0, 23> ]>


---------------------------------------------------------


Transformation matrix is:
[1 0 0 0 0 0]
[0 0 0 1 0 0]
[0 0 1 0 0 0]
[0 1 0 0 0 0]
[0 0 0 0 1 0]
[0 0 0 0 0 1]

Diagonal matrix is:
[ 1  0  0  0  0  0]
[ 0  1  0  0  0  0]
[ 0  0  1  0  0  0]
[ 0  0  0  1  0  0]
[ 0  0  0  0  1  0]
[ 0  0  0  0  0 -1]

Point counts are [
    [ 73, 3 ],
    [ 281, 5 ],
    [ 771, 7 ],
    [ 2069, 11 ],
    [ 4083, 13 ],
    [ 6665, 17 ],
    [ 11211, 19 ],
    [ 15365, 23 ]
]

Good point counts are [
    [ 73, 3 ],
    [ 281, 5 ],
    [ 771, 7 ],
    [ 2069, 11 ],
    [ 4083, 13 ],
    [ 6665, 17 ],
    [ 11211, 19 ],
    [ 15365, 23 ]
]

Level of weight 4 newform is [ 0, 0, 0 ]

not modular


---------------------------------------------------------


Transformation matrix is:
[1 0 0 0 0 0]
[0 0 0 1 0 0]
[0 0 1 0 0 0]
[0 1 0 0 0 0]
[0 0 0 0 0 1]
[0 0 0 0 1 0]

Diagonal matrix is:
[ 1  0  0  0  0  0]
[ 0  1  0  0  0  0]
[ 0  0  1  0  0  0]
[ 0  0  0  1  0  0]
[ 0  0  0  0 -1  0]
[ 0  0  0  0  0 -1]

Point counts are [
    [ 79, 3 ],
    [ 320, 5 ],
    [ 780, 7 ],
    [ 2288, 11 ],
    [ 4188, 13 ],
    [ 7352, 17 ],
    [ 11628, 19 ],
    [ 16232, 23 ]
]

Good point counts are [
    [ 79, 3 ],
    [ 320, 5 ],
    [ 780, 7 ],
    [ 2288, 11 ],
    [ 4188, 13 ],
    [ 7352, 17 ],
    [ 11628, 19 ],
    [ 16232, 23 ]
]

Level of weight 4 newform is [ 6, 1, 1 ]

First coefficient can be obtained from:  [ <16, 3>, <40, 5>, <60, 7>, <88, 11>,
<156, 13>, <136, 17>, <252, 19>, <184, 23> ]
Second coefficient is  <[ 0, 0, 0, 0, 0, 0 ], [ <0, 5>, <4, 7>, <0, 11>, <52,
13>, <0, 17>, <100, 19>, <0, 23> ]>


---------------------------------------------------------


Transformation matrix is:
[1 0 0 0 0 0]
[0 0 0 1 0 0]
[0 0 0 0 1 0]
[0 1 0 0 0 0]
[0 0 1 0 0 0]
[0 0 0 0 0 1]

Diagonal matrix is:
[ 1  0  0  0  0  0]
[ 0  1  0  0  0  0]
[ 0  0  1  0  0  0]
[ 0  0  0  1  0  0]
[ 0  0  0  0 -1  0]
[ 0  0  0  0  0 -1]

Point counts are [
    [ 79, 3 ],
    [ 320, 5 ],
    [ 780, 7 ],
    [ 2288, 11 ],
    [ 4188, 13 ],
    [ 7352, 17 ],
    [ 11628, 19 ],
    [ 16232, 23 ]
]

Good point counts are [
    [ 79, 3 ],
    [ 320, 5 ],
    [ 780, 7 ],
    [ 2288, 11 ],
    [ 4188, 13 ],
    [ 7352, 17 ],
    [ 11628, 19 ],
    [ 16232, 23 ]
]

Level of weight 4 newform is [ 6, 1, 1 ]

First coefficient can be obtained from:  [ <16, 3>, <40, 5>, <60, 7>, <88, 11>,
<156, 13>, <136, 17>, <252, 19>, <184, 23> ]
Second coefficient is  <[ 0, 0, 0, 0, 0, 0 ], [ <0, 5>, <4, 7>, <0, 11>, <52,
13>, <0, 17>, <100, 19>, <0, 23> ]>


---------------------------------------------------------


Transformation matrix is:
[1 0 0 0 0 0]
[0 0 0 1 0 0]
[0 0 0 0 0 1]
[0 1 0 0 0 0]
[0 0 0 0 1 0]
[0 0 1 0 0 0]

Diagonal matrix is:
[ 1  0  0  0  0  0]
[ 0  1  0  0  0  0]
[ 0  0  1  0  0  0]
[ 0  0  0  1  0  0]
[ 0  0  0  0 -1  0]
[ 0  0  0  0  0 -1]

Point counts are [
    [ 79, 3 ],
    [ 320, 5 ],
    [ 780, 7 ],
    [ 2288, 11 ],
    [ 4188, 13 ],
    [ 7352, 17 ],
    [ 11628, 19 ],
    [ 16232, 23 ]
]

Good point counts are [
    [ 79, 3 ],
    [ 320, 5 ],
    [ 780, 7 ],
    [ 2288, 11 ],
    [ 4188, 13 ],
    [ 7352, 17 ],
    [ 11628, 19 ],
    [ 16232, 23 ]
]

Level of weight 4 newform is [ 6, 1, 1 ]

First coefficient can be obtained from:  [ <16, 3>, <40, 5>, <60, 7>, <88, 11>,
<156, 13>, <136, 17>, <252, 19>, <184, 23> ]
Second coefficient is  <[ 0, 0, 0, 0, 0, 0 ], [ <0, 5>, <4, 7>, <0, 11>, <52,
13>, <0, 17>, <100, 19>, <0, 23> ]>


---------------------------------------------------------


Transformation matrix is:
[1 0 0 0 0 0]
[0 0 0 0 1 0]
[0 0 1 0 0 0]
[0 0 0 1 0 0]
[0 1 0 0 0 0]
[0 0 0 0 0 1]

Diagonal matrix is:
[ 1  0  0  0  0  0]
[ 0  1  0  0  0  0]
[ 0  0  1  0  0  0]
[ 0  0  0  1  0  0]
[ 0  0  0  0  1  0]
[ 0  0  0  0  0 -1]

Point counts are [
    [ 73, 3 ],
    [ 281, 5 ],
    [ 771, 7 ],
    [ 2069, 11 ],
    [ 4083, 13 ],
    [ 6665, 17 ],
    [ 11211, 19 ],
    [ 15365, 23 ]
]

Good point counts are [
    [ 73, 3 ],
    [ 281, 5 ],
    [ 771, 7 ],
    [ 2069, 11 ],
    [ 4083, 13 ],
    [ 6665, 17 ],
    [ 11211, 19 ],
    [ 15365, 23 ]
]

Level of weight 4 newform is [ 0, 0, 0 ]

not modular


---------------------------------------------------------


Transformation matrix is:
[1 0 0 0 0 0]
[0 0 0 0 1 0]
[0 0 1 0 0 0]
[0 0 0 0 0 1]
[0 1 0 0 0 0]
[0 0 0 1 0 0]

Diagonal matrix is:
[ 1  0  0  0  0  0]
[ 0  1  0  0  0  0]
[ 0  0  1  0  0  0]
[ 0  0  0  1  0  0]
[ 0  0  0  0 -1  0]
[ 0  0  0  0  0 -1]

Point counts are [
    [ 79, 3 ],
    [ 320, 5 ],
    [ 780, 7 ],
    [ 2288, 11 ],
    [ 4188, 13 ],
    [ 7352, 17 ],
    [ 11628, 19 ],
    [ 16232, 23 ]
]

Good point counts are [
    [ 79, 3 ],
    [ 320, 5 ],
    [ 780, 7 ],
    [ 2288, 11 ],
    [ 4188, 13 ],
    [ 7352, 17 ],
    [ 11628, 19 ],
    [ 16232, 23 ]
]

Level of weight 4 newform is [ 6, 1, 1 ]

First coefficient can be obtained from:  [ <16, 3>, <40, 5>, <60, 7>, <88, 11>,
<156, 13>, <136, 17>, <252, 19>, <184, 23> ]
Second coefficient is  <[ 0, 0, 0, 0, 0, 0 ], [ <0, 5>, <4, 7>, <0, 11>, <52,
13>, <0, 17>, <100, 19>, <0, 23> ]>


---------------------------------------------------------


Transformation matrix is:
[1 0 0 0 0 0]
[0 0 0 0 1 0]
[0 0 0 1 0 0]
[0 0 1 0 0 0]
[0 1 0 0 0 0]
[0 0 0 0 0 1]

Diagonal matrix is:
[ 1  0  0  0  0  0]
[ 0  1  0  0  0  0]
[ 0  0  1  0  0  0]
[ 0  0  0  1  0  0]
[ 0  0  0  0 -1  0]
[ 0  0  0  0  0 -1]

Point counts are [
    [ 79, 3 ],
    [ 320, 5 ],
    [ 780, 7 ],
    [ 2288, 11 ],
    [ 4188, 13 ],
    [ 7352, 17 ],
    [ 11628, 19 ],
    [ 16232, 23 ]
]

Good point counts are [
    [ 79, 3 ],
    [ 320, 5 ],
    [ 780, 7 ],
    [ 2288, 11 ],
    [ 4188, 13 ],
    [ 7352, 17 ],
    [ 11628, 19 ],
    [ 16232, 23 ]
]

Level of weight 4 newform is [ 6, 1, 1 ]

First coefficient can be obtained from:  [ <16, 3>, <40, 5>, <60, 7>, <88, 11>,
<156, 13>, <136, 17>, <252, 19>, <184, 23> ]
Second coefficient is  <[ 0, 0, 0, 0, 0, 0 ], [ <0, 5>, <4, 7>, <0, 11>, <52,
13>, <0, 17>, <100, 19>, <0, 23> ]>


---------------------------------------------------------


Transformation matrix is:
[1 0 0 0 0 0]
[0 0 0 0 1 0]
[0 0 0 0 0 1]
[0 0 0 1 0 0]
[0 1 0 0 0 0]
[0 0 1 0 0 0]

Diagonal matrix is:
[ 1  0  0  0  0  0]
[ 0  1  0  0  0  0]
[ 0  0  1  0  0  0]
[ 0  0  0  1  0  0]
[ 0  0  0  0 -1  0]
[ 0  0  0  0  0 -1]

Point counts are [
    [ 79, 3 ],
    [ 320, 5 ],
    [ 780, 7 ],
    [ 2288, 11 ],
    [ 4188, 13 ],
    [ 7352, 17 ],
    [ 11628, 19 ],
    [ 16232, 23 ]
]

Good point counts are [
    [ 79, 3 ],
    [ 320, 5 ],
    [ 780, 7 ],
    [ 2288, 11 ],
    [ 4188, 13 ],
    [ 7352, 17 ],
    [ 11628, 19 ],
    [ 16232, 23 ]
]

Level of weight 4 newform is [ 6, 1, 1 ]

First coefficient can be obtained from:  [ <16, 3>, <40, 5>, <60, 7>, <88, 11>,
<156, 13>, <136, 17>, <252, 19>, <184, 23> ]
Second coefficient is  <[ 0, 0, 0, 0, 0, 0 ], [ <0, 5>, <4, 7>, <0, 11>, <52,
13>, <0, 17>, <100, 19>, <0, 23> ]>


---------------------------------------------------------


Transformation matrix is:
[1 0 0 0 0 0]
[0 0 0 0 0 1]
[0 0 1 0 0 0]
[0 0 0 1 0 0]
[0 0 0 0 1 0]
[0 1 0 0 0 0]

Diagonal matrix is:
[ 1  0  0  0  0  0]
[ 0  1  0  0  0  0]
[ 0  0  1  0  0  0]
[ 0  0  0  1  0  0]
[ 0  0  0  0  1  0]
[ 0  0  0  0  0 -1]

Point counts are [
    [ 73, 3 ],
    [ 281, 5 ],
    [ 771, 7 ],
    [ 2069, 11 ],
    [ 4083, 13 ],
    [ 6665, 17 ],
    [ 11211, 19 ],
    [ 15365, 23 ]
]

Good point counts are [
    [ 73, 3 ],
    [ 281, 5 ],
    [ 771, 7 ],
    [ 2069, 11 ],
    [ 4083, 13 ],
    [ 6665, 17 ],
    [ 11211, 19 ],
    [ 15365, 23 ]
]

Level of weight 4 newform is [ 0, 0, 0 ]

not modular


---------------------------------------------------------


Transformation matrix is:
[1 0 0 0 0 0]
[0 0 0 0 0 1]
[0 0 1 0 0 0]
[0 0 0 0 1 0]
[0 0 0 1 0 0]
[0 1 0 0 0 0]

Diagonal matrix is:
[ 1  0  0  0  0  0]
[ 0  1  0  0  0  0]
[ 0  0  1  0  0  0]
[ 0  0  0  1  0  0]
[ 0  0  0  0 -1  0]
[ 0  0  0  0  0 -1]

Point counts are [
    [ 79, 3 ],
    [ 320, 5 ],
    [ 780, 7 ],
    [ 2288, 11 ],
    [ 4188, 13 ],
    [ 7352, 17 ],
    [ 11628, 19 ],
    [ 16232, 23 ]
]

Good point counts are [
    [ 79, 3 ],
    [ 320, 5 ],
    [ 780, 7 ],
    [ 2288, 11 ],
    [ 4188, 13 ],
    [ 7352, 17 ],
    [ 11628, 19 ],
    [ 16232, 23 ]
]

Level of weight 4 newform is [ 6, 1, 1 ]

First coefficient can be obtained from:  [ <16, 3>, <40, 5>, <60, 7>, <88, 11>,
<156, 13>, <136, 17>, <252, 19>, <184, 23> ]
Second coefficient is  <[ 0, 0, 0, 0, 0, 0 ], [ <0, 5>, <4, 7>, <0, 11>, <52,
13>, <0, 17>, <100, 19>, <0, 23> ]>


---------------------------------------------------------


Transformation matrix is:
[1 0 0 0 0 0]
[0 0 0 0 0 1]
[0 0 0 1 0 0]
[0 0 1 0 0 0]
[0 0 0 0 1 0]
[0 1 0 0 0 0]

Diagonal matrix is:
[ 1  0  0  0  0  0]
[ 0  1  0  0  0  0]
[ 0  0  1  0  0  0]
[ 0  0  0  1  0  0]
[ 0  0  0  0 -1  0]
[ 0  0  0  0  0 -1]

Point counts are [
    [ 79, 3 ],
    [ 320, 5 ],
    [ 780, 7 ],
    [ 2288, 11 ],
    [ 4188, 13 ],
    [ 7352, 17 ],
    [ 11628, 19 ],
    [ 16232, 23 ]
]

Good point counts are [
    [ 79, 3 ],
    [ 320, 5 ],
    [ 780, 7 ],
    [ 2288, 11 ],
    [ 4188, 13 ],
    [ 7352, 17 ],
    [ 11628, 19 ],
    [ 16232, 23 ]
]

Level of weight 4 newform is [ 6, 1, 1 ]

First coefficient can be obtained from:  [ <16, 3>, <40, 5>, <60, 7>, <88, 11>,
<156, 13>, <136, 17>, <252, 19>, <184, 23> ]
Second coefficient is  <[ 0, 0, 0, 0, 0, 0 ], [ <0, 5>, <4, 7>, <0, 11>, <52,
13>, <0, 17>, <100, 19>, <0, 23> ]>


---------------------------------------------------------


Transformation matrix is:
[1 0 0 0 0 0]
[0 0 0 0 0 1]
[0 0 0 0 1 0]
[0 0 0 1 0 0]
[0 0 1 0 0 0]
[0 1 0 0 0 0]

Diagonal matrix is:
[ 1  0  0  0  0  0]
[ 0  1  0  0  0  0]
[ 0  0  1  0  0  0]
[ 0  0  0  1  0  0]
[ 0  0  0  0 -1  0]
[ 0  0  0  0  0 -1]

Point counts are [
    [ 79, 3 ],
    [ 320, 5 ],
    [ 780, 7 ],
    [ 2288, 11 ],
    [ 4188, 13 ],
    [ 7352, 17 ],
    [ 11628, 19 ],
    [ 16232, 23 ]
]

Good point counts are [
    [ 79, 3 ],
    [ 320, 5 ],
    [ 780, 7 ],
    [ 2288, 11 ],
    [ 4188, 13 ],
    [ 7352, 17 ],
    [ 11628, 19 ],
    [ 16232, 23 ]
]

Level of weight 4 newform is [ 6, 1, 1 ]

First coefficient can be obtained from:  [ <16, 3>, <40, 5>, <60, 7>, <88, 11>,
<156, 13>, <136, 17>, <252, 19>, <184, 23> ]
Second coefficient is  <[ 0, 0, 0, 0, 0, 0 ], [ <0, 5>, <4, 7>, <0, 11>, <52,
13>, <0, 17>, <100, 19>, <0, 23> ]>


---------------------------------------------------------


Transformation matrix is:
[0 1 0 0 0 0]
[1 0 0 0 0 0]
[0 0 1 0 0 0]
[0 0 0 1 0 0]
[0 0 0 0 1 0]
[0 0 0 0 0 1]

Diagonal matrix is:
[ 1  0  0  0  0  0]
[ 0  1  0  0  0  0]
[ 0  0  1  0  0  0]
[ 0  0  0  1  0  0]
[ 0  0  0  0  1  0]
[ 0  0  0  0  0 -1]

Point counts are [
    [ 73, 3 ],
    [ 281, 5 ],
    [ 771, 7 ],
    [ 2069, 11 ],
    [ 4083, 13 ],
    [ 6665, 17 ],
    [ 11211, 19 ],
    [ 15365, 23 ]
]

Good point counts are [
    [ 73, 3 ],
    [ 281, 5 ],
    [ 771, 7 ],
    [ 2069, 11 ],
    [ 4083, 13 ],
    [ 6665, 17 ],
    [ 11211, 19 ],
    [ 15365, 23 ]
]

Level of weight 4 newform is [ 0, 0, 0 ]

not modular


---------------------------------------------------------


Transformation matrix is:
[0 1 0 0 0 0]
[1 0 0 0 0 0]
[0 0 1 0 0 0]
[0 0 0 1 0 0]
[0 0 0 0 0 1]
[0 0 0 0 1 0]

Diagonal matrix is:
[ 1  0  0  0  0  0]
[ 0  1  0  0  0  0]
[ 0  0  1  0  0  0]
[ 0  0  0  1  0  0]
[ 0  0  0  0 -1  0]
[ 0  0  0  0  0 -1]

Point counts are [
    [ 79, 3 ],
    [ 320, 5 ],
    [ 780, 7 ],
    [ 2288, 11 ],
    [ 4188, 13 ],
    [ 7352, 17 ],
    [ 11628, 19 ],
    [ 16232, 23 ]
]

Good point counts are [
    [ 79, 3 ],
    [ 320, 5 ],
    [ 780, 7 ],
    [ 2288, 11 ],
    [ 4188, 13 ],
    [ 7352, 17 ],
    [ 11628, 19 ],
    [ 16232, 23 ]
]

Level of weight 4 newform is [ 6, 1, 1 ]

First coefficient can be obtained from:  [ <16, 3>, <40, 5>, <60, 7>, <88, 11>,
<156, 13>, <136, 17>, <252, 19>, <184, 23> ]
Second coefficient is  <[ 0, 0, 0, 0, 0, 0 ], [ <0, 5>, <4, 7>, <0, 11>, <52,
13>, <0, 17>, <100, 19>, <0, 23> ]>


---------------------------------------------------------


Transformation matrix is:
[0 1 0 0 0 0]
[1 0 0 0 0 0]
[0 0 1 0 0 0]
[0 0 0 0 1 0]
[0 0 0 1 0 0]
[0 0 0 0 0 1]

Diagonal matrix is:
[ 1  0  0  0  0  0]
[ 0  1  0  0  0  0]
[ 0  0  1  0  0  0]
[ 0  0  0  1  0  0]
[ 0  0  0  0 -1  0]
[ 0  0  0  0  0 -1]

Point counts are [
    [ 79, 3 ],
    [ 320, 5 ],
    [ 780, 7 ],
    [ 2288, 11 ],
    [ 4188, 13 ],
    [ 7352, 17 ],
    [ 11628, 19 ],
    [ 16232, 23 ]
]

Good point counts are [
    [ 79, 3 ],
    [ 320, 5 ],
    [ 780, 7 ],
    [ 2288, 11 ],
    [ 4188, 13 ],
    [ 7352, 17 ],
    [ 11628, 19 ],
    [ 16232, 23 ]
]

Level of weight 4 newform is [ 6, 1, 1 ]

First coefficient can be obtained from:  [ <16, 3>, <40, 5>, <60, 7>, <88, 11>,
<156, 13>, <136, 17>, <252, 19>, <184, 23> ]
Second coefficient is  <[ 0, 0, 0, 0, 0, 0 ], [ <0, 5>, <4, 7>, <0, 11>, <52,
13>, <0, 17>, <100, 19>, <0, 23> ]>


---------------------------------------------------------


Transformation matrix is:
[0 1 0 0 0 0]
[1 0 0 0 0 0]
[0 0 1 0 0 0]
[0 0 0 0 0 1]
[0 0 0 0 1 0]
[0 0 0 1 0 0]

Diagonal matrix is:
[ 1  0  0  0  0  0]
[ 0  1  0  0  0  0]
[ 0  0  1  0  0  0]
[ 0  0  0  1  0  0]
[ 0  0  0  0 -1  0]
[ 0  0  0  0  0 -1]

Point counts are [
    [ 79, 3 ],
    [ 320, 5 ],
    [ 780, 7 ],
    [ 2288, 11 ],
    [ 4188, 13 ],
    [ 7352, 17 ],
    [ 11628, 19 ],
    [ 16232, 23 ]
]

Good point counts are [
    [ 79, 3 ],
    [ 320, 5 ],
    [ 780, 7 ],
    [ 2288, 11 ],
    [ 4188, 13 ],
    [ 7352, 17 ],
    [ 11628, 19 ],
    [ 16232, 23 ]
]

Level of weight 4 newform is [ 6, 1, 1 ]

First coefficient can be obtained from:  [ <16, 3>, <40, 5>, <60, 7>, <88, 11>,
<156, 13>, <136, 17>, <252, 19>, <184, 23> ]
Second coefficient is  <[ 0, 0, 0, 0, 0, 0 ], [ <0, 5>, <4, 7>, <0, 11>, <52,
13>, <0, 17>, <100, 19>, <0, 23> ]>


---------------------------------------------------------


Transformation matrix is:
[0 1 0 0 0 0]
[1 0 0 0 0 0]
[0 0 0 1 0 0]
[0 0 1 0 0 0]
[0 0 0 0 1 0]
[0 0 0 0 0 1]

Diagonal matrix is:
[ 1  0  0  0  0  0]
[ 0  1  0  0  0  0]
[ 0  0  1  0  0  0]
[ 0  0  0  1  0  0]
[ 0  0  0  0 -1  0]
[ 0  0  0  0  0 -1]

Point counts are [
    [ 79, 3 ],
    [ 320, 5 ],
    [ 780, 7 ],
    [ 2288, 11 ],
    [ 4188, 13 ],
    [ 7352, 17 ],
    [ 11628, 19 ],
    [ 16232, 23 ]
]

Good point counts are [
    [ 79, 3 ],
    [ 320, 5 ],
    [ 780, 7 ],
    [ 2288, 11 ],
    [ 4188, 13 ],
    [ 7352, 17 ],
    [ 11628, 19 ],
    [ 16232, 23 ]
]

Level of weight 4 newform is [ 6, 1, 1 ]

First coefficient can be obtained from:  [ <16, 3>, <40, 5>, <60, 7>, <88, 11>,
<156, 13>, <136, 17>, <252, 19>, <184, 23> ]
Second coefficient is  <[ 0, 0, 0, 0, 0, 0 ], [ <0, 5>, <4, 7>, <0, 11>, <52,
13>, <0, 17>, <100, 19>, <0, 23> ]>


---------------------------------------------------------


Transformation matrix is:
[0 1 0 0 0 0]
[1 0 0 0 0 0]
[0 0 0 1 0 0]
[0 0 1 0 0 0]
[0 0 0 0 0 1]
[0 0 0 0 1 0]

Diagonal matrix is:
[ 1  0  0  0  0  0]
[ 0  1  0  0  0  0]
[ 0  0  1  0  0  0]
[ 0  0  0 -1  0  0]
[ 0  0  0  0 -1  0]
[ 0  0  0  0  0 -1]

Point counts are [
    [ 85, 3 ],
    [ 331, 5 ],
    [ 953, 7 ],
    [ 2311, 11 ],
    [ 4889, 13 ],
    [ 7243, 17 ],
    [ 13073, 19 ],
    [ 16423, 23 ]
]

Good point counts are [
    [ 85, 3 ],
    [ 331, 5 ],
    [ 953, 7 ],
    [ 2311, 11 ],
    [ 4889, 13 ],
    [ 7243, 17 ],
    [ 13073, 19 ],
    [ 16423, 23 ]
]

Level of weight 4 newform is [ 0, 0, 0 ]

not modular


---------------------------------------------------------


Transformation matrix is:
[0 1 0 0 0 0]
[1 0 0 0 0 0]
[0 0 0 0 1 0]
[0 0 0 1 0 0]
[0 0 1 0 0 0]
[0 0 0 0 0 1]

Diagonal matrix is:
[ 1  0  0  0  0  0]
[ 0  1  0  0  0  0]
[ 0  0  1  0  0  0]
[ 0  0  0  1  0  0]
[ 0  0  0  0 -1  0]
[ 0  0  0  0  0 -1]

Point counts are [
    [ 79, 3 ],
    [ 320, 5 ],
    [ 780, 7 ],
    [ 2288, 11 ],
    [ 4188, 13 ],
    [ 7352, 17 ],
    [ 11628, 19 ],
    [ 16232, 23 ]
]

Good point counts are [
    [ 79, 3 ],
    [ 320, 5 ],
    [ 780, 7 ],
    [ 2288, 11 ],
    [ 4188, 13 ],
    [ 7352, 17 ],
    [ 11628, 19 ],
    [ 16232, 23 ]
]

Level of weight 4 newform is [ 6, 1, 1 ]

First coefficient can be obtained from:  [ <16, 3>, <40, 5>, <60, 7>, <88, 11>,
<156, 13>, <136, 17>, <252, 19>, <184, 23> ]
Second coefficient is  <[ 0, 0, 0, 0, 0, 0 ], [ <0, 5>, <4, 7>, <0, 11>, <52,
13>, <0, 17>, <100, 19>, <0, 23> ]>


---------------------------------------------------------


Transformation matrix is:
[0 1 0 0 0 0]
[1 0 0 0 0 0]
[0 0 0 0 1 0]
[0 0 0 0 0 1]
[0 0 1 0 0 0]
[0 0 0 1 0 0]

Diagonal matrix is:
[ 1  0  0  0  0  0]
[ 0  1  0  0  0  0]
[ 0  0  1  0  0  0]
[ 0  0  0 -1  0  0]
[ 0  0  0  0 -1  0]
[ 0  0  0  0  0 -1]

Point counts are [
    [ 85, 3 ],
    [ 331, 5 ],
    [ 953, 7 ],
    [ 2311, 11 ],
    [ 4889, 13 ],
    [ 7243, 17 ],
    [ 13073, 19 ],
    [ 16423, 23 ]
]

Good point counts are [
    [ 85, 3 ],
    [ 331, 5 ],
    [ 953, 7 ],
    [ 2311, 11 ],
    [ 4889, 13 ],
    [ 7243, 17 ],
    [ 13073, 19 ],
    [ 16423, 23 ]
]

Level of weight 4 newform is [ 0, 0, 0 ]

not modular


---------------------------------------------------------


Transformation matrix is:
[0 1 0 0 0 0]
[1 0 0 0 0 0]
[0 0 0 0 0 1]
[0 0 0 1 0 0]
[0 0 0 0 1 0]
[0 0 1 0 0 0]

Diagonal matrix is:
[ 1  0  0  0  0  0]
[ 0  1  0  0  0  0]
[ 0  0  1  0  0  0]
[ 0  0  0  1  0  0]
[ 0  0  0  0 -1  0]
[ 0  0  0  0  0 -1]

Point counts are [
    [ 79, 3 ],
    [ 320, 5 ],
    [ 780, 7 ],
    [ 2288, 11 ],
    [ 4188, 13 ],
    [ 7352, 17 ],
    [ 11628, 19 ],
    [ 16232, 23 ]
]

Good point counts are [
    [ 79, 3 ],
    [ 320, 5 ],
    [ 780, 7 ],
    [ 2288, 11 ],
    [ 4188, 13 ],
    [ 7352, 17 ],
    [ 11628, 19 ],
    [ 16232, 23 ]
]

Level of weight 4 newform is [ 6, 1, 1 ]

First coefficient can be obtained from:  [ <16, 3>, <40, 5>, <60, 7>, <88, 11>,
<156, 13>, <136, 17>, <252, 19>, <184, 23> ]
Second coefficient is  <[ 0, 0, 0, 0, 0, 0 ], [ <0, 5>, <4, 7>, <0, 11>, <52,
13>, <0, 17>, <100, 19>, <0, 23> ]>


---------------------------------------------------------


Transformation matrix is:
[0 1 0 0 0 0]
[1 0 0 0 0 0]
[0 0 0 0 0 1]
[0 0 0 0 1 0]
[0 0 0 1 0 0]
[0 0 1 0 0 0]

Diagonal matrix is:
[ 1  0  0  0  0  0]
[ 0  1  0  0  0  0]
[ 0  0  1  0  0  0]
[ 0  0  0 -1  0  0]
[ 0  0  0  0 -1  0]
[ 0  0  0  0  0 -1]

Point counts are [
    [ 85, 3 ],
    [ 331, 5 ],
    [ 953, 7 ],
    [ 2311, 11 ],
    [ 4889, 13 ],
    [ 7243, 17 ],
    [ 13073, 19 ],
    [ 16423, 23 ]
]

Good point counts are [
    [ 85, 3 ],
    [ 331, 5 ],
    [ 953, 7 ],
    [ 2311, 11 ],
    [ 4889, 13 ],
    [ 7243, 17 ],
    [ 13073, 19 ],
    [ 16423, 23 ]
]

Level of weight 4 newform is [ 0, 0, 0 ]

not modular


---------------------------------------------------------


Transformation matrix is:
[0 0 1 0 0 0]
[0 1 0 0 0 0]
[1 0 0 0 0 0]
[0 0 0 1 0 0]
[0 0 0 0 1 0]
[0 0 0 0 0 1]

Diagonal matrix is:
[ 1  0  0  0  0  0]
[ 0  1  0  0  0  0]
[ 0  0  1  0  0  0]
[ 0  0  0  1  0  0]
[ 0  0  0  0  1  0]
[ 0  0  0  0  0 -1]

Point counts are [
    [ 73, 3 ],
    [ 281, 5 ],
    [ 771, 7 ],
    [ 2069, 11 ],
    [ 4083, 13 ],
    [ 6665, 17 ],
    [ 11211, 19 ],
    [ 15365, 23 ]
]

Good point counts are [
    [ 73, 3 ],
    [ 281, 5 ],
    [ 771, 7 ],
    [ 2069, 11 ],
    [ 4083, 13 ],
    [ 6665, 17 ],
    [ 11211, 19 ],
    [ 15365, 23 ]
]

Level of weight 4 newform is [ 0, 0, 0 ]

not modular


---------------------------------------------------------


Transformation matrix is:
[0 0 1 0 0 0]
[0 1 0 0 0 0]
[1 0 0 0 0 0]
[0 0 0 1 0 0]
[0 0 0 0 0 1]
[0 0 0 0 1 0]

Diagonal matrix is:
[ 1  0  0  0  0  0]
[ 0  1  0  0  0  0]
[ 0  0  1  0  0  0]
[ 0  0  0  1  0  0]
[ 0  0  0  0 -1  0]
[ 0  0  0  0  0 -1]

Point counts are [
    [ 79, 3 ],
    [ 320, 5 ],
    [ 780, 7 ],
    [ 2288, 11 ],
    [ 4188, 13 ],
    [ 7352, 17 ],
    [ 11628, 19 ],
    [ 16232, 23 ]
]

Good point counts are [
    [ 79, 3 ],
    [ 320, 5 ],
    [ 780, 7 ],
    [ 2288, 11 ],
    [ 4188, 13 ],
    [ 7352, 17 ],
    [ 11628, 19 ],
    [ 16232, 23 ]
]

Level of weight 4 newform is [ 6, 1, 1 ]

First coefficient can be obtained from:  [ <16, 3>, <40, 5>, <60, 7>, <88, 11>,
<156, 13>, <136, 17>, <252, 19>, <184, 23> ]
Second coefficient is  <[ 0, 0, 0, 0, 0, 0 ], [ <0, 5>, <4, 7>, <0, 11>, <52,
13>, <0, 17>, <100, 19>, <0, 23> ]>


---------------------------------------------------------


Transformation matrix is:
[0 0 1 0 0 0]
[0 1 0 0 0 0]
[1 0 0 0 0 0]
[0 0 0 0 1 0]
[0 0 0 1 0 0]
[0 0 0 0 0 1]

Diagonal matrix is:
[ 1  0  0  0  0  0]
[ 0  1  0  0  0  0]
[ 0  0  1  0  0  0]
[ 0  0  0  1  0  0]
[ 0  0  0  0 -1  0]
[ 0  0  0  0  0 -1]

Point counts are [
    [ 79, 3 ],
    [ 320, 5 ],
    [ 780, 7 ],
    [ 2288, 11 ],
    [ 4188, 13 ],
    [ 7352, 17 ],
    [ 11628, 19 ],
    [ 16232, 23 ]
]

Good point counts are [
    [ 79, 3 ],
    [ 320, 5 ],
    [ 780, 7 ],
    [ 2288, 11 ],
    [ 4188, 13 ],
    [ 7352, 17 ],
    [ 11628, 19 ],
    [ 16232, 23 ]
]

Level of weight 4 newform is [ 6, 1, 1 ]

First coefficient can be obtained from:  [ <16, 3>, <40, 5>, <60, 7>, <88, 11>,
<156, 13>, <136, 17>, <252, 19>, <184, 23> ]
Second coefficient is  <[ 0, 0, 0, 0, 0, 0 ], [ <0, 5>, <4, 7>, <0, 11>, <52,
13>, <0, 17>, <100, 19>, <0, 23> ]>


---------------------------------------------------------


Transformation matrix is:
[0 0 1 0 0 0]
[0 1 0 0 0 0]
[1 0 0 0 0 0]
[0 0 0 0 0 1]
[0 0 0 0 1 0]
[0 0 0 1 0 0]

Diagonal matrix is:
[ 1  0  0  0  0  0]
[ 0  1  0  0  0  0]
[ 0  0  1  0  0  0]
[ 0  0  0  1  0  0]
[ 0  0  0  0 -1  0]
[ 0  0  0  0  0 -1]

Point counts are [
    [ 79, 3 ],
    [ 320, 5 ],
    [ 780, 7 ],
    [ 2288, 11 ],
    [ 4188, 13 ],
    [ 7352, 17 ],
    [ 11628, 19 ],
    [ 16232, 23 ]
]

Good point counts are [
    [ 79, 3 ],
    [ 320, 5 ],
    [ 780, 7 ],
    [ 2288, 11 ],
    [ 4188, 13 ],
    [ 7352, 17 ],
    [ 11628, 19 ],
    [ 16232, 23 ]
]

Level of weight 4 newform is [ 6, 1, 1 ]

First coefficient can be obtained from:  [ <16, 3>, <40, 5>, <60, 7>, <88, 11>,
<156, 13>, <136, 17>, <252, 19>, <184, 23> ]
Second coefficient is  <[ 0, 0, 0, 0, 0, 0 ], [ <0, 5>, <4, 7>, <0, 11>, <52,
13>, <0, 17>, <100, 19>, <0, 23> ]>


---------------------------------------------------------


Transformation matrix is:
[0 0 1 0 0 0]
[0 0 0 1 0 0]
[1 0 0 0 0 0]
[0 1 0 0 0 0]
[0 0 0 0 1 0]
[0 0 0 0 0 1]

Diagonal matrix is:
[ 1  0  0  0  0  0]
[ 0  1  0  0  0  0]
[ 0  0  1  0  0  0]
[ 0  0  0  1  0  0]
[ 0  0  0  0 -1  0]
[ 0  0  0  0  0 -1]

Point counts are [
    [ 79, 3 ],
    [ 320, 5 ],
    [ 780, 7 ],
    [ 2288, 11 ],
    [ 4188, 13 ],
    [ 7352, 17 ],
    [ 11628, 19 ],
    [ 16232, 23 ]
]

Good point counts are [
    [ 79, 3 ],
    [ 320, 5 ],
    [ 780, 7 ],
    [ 2288, 11 ],
    [ 4188, 13 ],
    [ 7352, 17 ],
    [ 11628, 19 ],
    [ 16232, 23 ]
]

Level of weight 4 newform is [ 6, 1, 1 ]

First coefficient can be obtained from:  [ <16, 3>, <40, 5>, <60, 7>, <88, 11>,
<156, 13>, <136, 17>, <252, 19>, <184, 23> ]
Second coefficient is  <[ 0, 0, 0, 0, 0, 0 ], [ <0, 5>, <4, 7>, <0, 11>, <52,
13>, <0, 17>, <100, 19>, <0, 23> ]>


---------------------------------------------------------


Transformation matrix is:
[0 0 1 0 0 0]
[0 0 0 1 0 0]
[1 0 0 0 0 0]
[0 1 0 0 0 0]
[0 0 0 0 0 1]
[0 0 0 0 1 0]

Diagonal matrix is:
[ 1  0  0  0  0  0]
[ 0  1  0  0  0  0]
[ 0  0  1  0  0  0]
[ 0  0  0 -1  0  0]
[ 0  0  0  0 -1  0]
[ 0  0  0  0  0 -1]

Point counts are [
    [ 85, 3 ],
    [ 331, 5 ],
    [ 953, 7 ],
    [ 2311, 11 ],
    [ 4889, 13 ],
    [ 7243, 17 ],
    [ 13073, 19 ],
    [ 16423, 23 ]
]

Good point counts are [
    [ 85, 3 ],
    [ 331, 5 ],
    [ 953, 7 ],
    [ 2311, 11 ],
    [ 4889, 13 ],
    [ 7243, 17 ],
    [ 13073, 19 ],
    [ 16423, 23 ]
]

Level of weight 4 newform is [ 0, 0, 0 ]

not modular


---------------------------------------------------------


Transformation matrix is:
[0 0 1 0 0 0]
[0 0 0 0 1 0]
[1 0 0 0 0 0]
[0 0 0 1 0 0]
[0 1 0 0 0 0]
[0 0 0 0 0 1]

Diagonal matrix is:
[ 1  0  0  0  0  0]
[ 0  1  0  0  0  0]
[ 0  0  1  0  0  0]
[ 0  0  0  1  0  0]
[ 0  0  0  0 -1  0]
[ 0  0  0  0  0 -1]

Point counts are [
    [ 79, 3 ],
    [ 320, 5 ],
    [ 780, 7 ],
    [ 2288, 11 ],
    [ 4188, 13 ],
    [ 7352, 17 ],
    [ 11628, 19 ],
    [ 16232, 23 ]
]

Good point counts are [
    [ 79, 3 ],
    [ 320, 5 ],
    [ 780, 7 ],
    [ 2288, 11 ],
    [ 4188, 13 ],
    [ 7352, 17 ],
    [ 11628, 19 ],
    [ 16232, 23 ]
]

Level of weight 4 newform is [ 6, 1, 1 ]

First coefficient can be obtained from:  [ <16, 3>, <40, 5>, <60, 7>, <88, 11>,
<156, 13>, <136, 17>, <252, 19>, <184, 23> ]
Second coefficient is  <[ 0, 0, 0, 0, 0, 0 ], [ <0, 5>, <4, 7>, <0, 11>, <52,
13>, <0, 17>, <100, 19>, <0, 23> ]>


---------------------------------------------------------


Transformation matrix is:
[0 0 1 0 0 0]
[0 0 0 0 1 0]
[1 0 0 0 0 0]
[0 0 0 0 0 1]
[0 1 0 0 0 0]
[0 0 0 1 0 0]

Diagonal matrix is:
[ 1  0  0  0  0  0]
[ 0  1  0  0  0  0]
[ 0  0  1  0  0  0]
[ 0  0  0 -1  0  0]
[ 0  0  0  0 -1  0]
[ 0  0  0  0  0 -1]

Point counts are [
    [ 85, 3 ],
    [ 331, 5 ],
    [ 953, 7 ],
    [ 2311, 11 ],
    [ 4889, 13 ],
    [ 7243, 17 ],
    [ 13073, 19 ],
    [ 16423, 23 ]
]

Good point counts are [
    [ 85, 3 ],
    [ 331, 5 ],
    [ 953, 7 ],
    [ 2311, 11 ],
    [ 4889, 13 ],
    [ 7243, 17 ],
    [ 13073, 19 ],
    [ 16423, 23 ]
]

Level of weight 4 newform is [ 0, 0, 0 ]

not modular


---------------------------------------------------------


Transformation matrix is:
[0 0 1 0 0 0]
[0 0 0 0 0 1]
[1 0 0 0 0 0]
[0 0 0 1 0 0]
[0 0 0 0 1 0]
[0 1 0 0 0 0]

Diagonal matrix is:
[ 1  0  0  0  0  0]
[ 0  1  0  0  0  0]
[ 0  0  1  0  0  0]
[ 0  0  0  1  0  0]
[ 0  0  0  0 -1  0]
[ 0  0  0  0  0 -1]

Point counts are [
    [ 79, 3 ],
    [ 320, 5 ],
    [ 780, 7 ],
    [ 2288, 11 ],
    [ 4188, 13 ],
    [ 7352, 17 ],
    [ 11628, 19 ],
    [ 16232, 23 ]
]

Good point counts are [
    [ 79, 3 ],
    [ 320, 5 ],
    [ 780, 7 ],
    [ 2288, 11 ],
    [ 4188, 13 ],
    [ 7352, 17 ],
    [ 11628, 19 ],
    [ 16232, 23 ]
]

Level of weight 4 newform is [ 6, 1, 1 ]

First coefficient can be obtained from:  [ <16, 3>, <40, 5>, <60, 7>, <88, 11>,
<156, 13>, <136, 17>, <252, 19>, <184, 23> ]
Second coefficient is  <[ 0, 0, 0, 0, 0, 0 ], [ <0, 5>, <4, 7>, <0, 11>, <52,
13>, <0, 17>, <100, 19>, <0, 23> ]>


---------------------------------------------------------


Transformation matrix is:
[0 0 1 0 0 0]
[0 0 0 0 0 1]
[1 0 0 0 0 0]
[0 0 0 0 1 0]
[0 0 0 1 0 0]
[0 1 0 0 0 0]

Diagonal matrix is:
[ 1  0  0  0  0  0]
[ 0  1  0  0  0  0]
[ 0  0  1  0  0  0]
[ 0  0  0 -1  0  0]
[ 0  0  0  0 -1  0]
[ 0  0  0  0  0 -1]

Point counts are [
    [ 85, 3 ],
    [ 331, 5 ],
    [ 953, 7 ],
    [ 2311, 11 ],
    [ 4889, 13 ],
    [ 7243, 17 ],
    [ 13073, 19 ],
    [ 16423, 23 ]
]

Good point counts are [
    [ 85, 3 ],
    [ 331, 5 ],
    [ 953, 7 ],
    [ 2311, 11 ],
    [ 4889, 13 ],
    [ 7243, 17 ],
    [ 13073, 19 ],
    [ 16423, 23 ]
]

Level of weight 4 newform is [ 0, 0, 0 ]

not modular


---------------------------------------------------------


Transformation matrix is:
[0 0 0 1 0 0]
[0 1 0 0 0 0]
[0 0 1 0 0 0]
[1 0 0 0 0 0]
[0 0 0 0 1 0]
[0 0 0 0 0 1]

Diagonal matrix is:
[ 1  0  0  0  0  0]
[ 0  1  0  0  0  0]
[ 0  0  1  0  0  0]
[ 0  0  0  1  0  0]
[ 0  0  0  0  1  0]
[ 0  0  0  0  0 -1]
