Transformation matrix is:
[0 1 0 0 0 0]
[1 0 0 0 0 0]
[0 0 0 1 0 0]
[0 0 1 0 0 0]
[0 0 0 0 1 0]
[0 0 0 0 0 1]

Diagonal matrix is:
[ 1  0  0  0  0  0]
[ 0  1  0  0  0  0]
[ 0  0  1  0  0  0]
[ 0  0  0  1  0  0]
[ 0  0  0  0 -1  0]
[ 0  0  0  0  0 -1]

Point counts are [
    [ 73, 3 ],
    [ 280, 5 ],
    [ 710, 7 ],
    [ 2266, 11 ],
    [ 3512, 13 ],
    [ 7420, 17 ]
]

Good point counts are [
    [ 73, 3 ],
    [ 280, 5 ],
    [ 710, 7 ],
    [ 2266, 11 ],
    [ 3512, 13 ],
    [ 7420, 17 ]
]

Level of weight 4 newform is [ 6, 1, 1 ]

First coefficient can be obtained from:  [ <14, 3>, <32, 5>, <50, 7>, <86, 11>,
<104, 13>, <140, 17> ]
Second coefficient is  <[ -1, 3, 3, 3, 3, 1 ], [ <-8, 5>, <-6, 7>, <-2, 11>, <0,
13>, <4, 17> ]>


---------------------------------------------------------


Transformation matrix is:
[0 1 0 0 0 0]
[1 0 0 0 0 0]
[0 0 0 1 0 0]
[0 0 1 0 0 0]
[0 0 0 0 0 1]
[0 0 0 0 1 0]

Diagonal matrix is:
[ 1  0  0  0  0  0]
[ 0  1  0  0  0  0]
[ 0  0  1  0  0  0]
[ 0  0  0 -1  0  0]
[ 0  0  0  0 -1  0]
[ 0  0  0  0  0 -1]

Point counts are [
    [ 85, 3 ],
    [ 331, 5 ],
    [ 785, 7 ],
    [ 2509, 11 ],
    [ 3875, 13 ],
    [ 7855, 17 ]
]

Good point counts are [
    [ 85, 3 ],
    [ 331, 5 ],
    [ 785, 7 ],
    [ 2509, 11 ],
    [ 3875, 13 ],
    [ 7855, 17 ]
]

Level of weight 4 newform is [ 0, 0, 0 ]

not modular


---------------------------------------------------------


Transformation matrix is:
[0 1 0 0 0 0]
[1 0 0 0 0 0]
[0 0 0 0 1 0]
[0 0 0 1 0 0]
[0 0 1 0 0 0]
[0 0 0 0 0 1]

Diagonal matrix is:
[ 1  0  0  0  0  0]
[ 0  1  0  0  0  0]
[ 0  0  1  0  0  0]
[ 0  0  0  1  0  0]
[ 0  0  0  0 -1  0]
[ 0  0  0  0  0 -1]

Point counts are [
    [ 73, 3 ],
    [ 280, 5 ],
    [ 710, 7 ],
    [ 2266, 11 ],
    [ 3512, 13 ],
    [ 7420, 17 ]
]

Good point counts are [
    [ 73, 3 ],
    [ 280, 5 ],
    [ 710, 7 ],
    [ 2266, 11 ],
    [ 3512, 13 ],
    [ 7420, 17 ]
]

Level of weight 4 newform is [ 6, 1, 1 ]

First coefficient can be obtained from:  [ <14, 3>, <32, 5>, <50, 7>, <86, 11>,
<104, 13>, <140, 17> ]
Second coefficient is  <[ -1, 3, 3, 3, 3, 1 ], [ <-8, 5>, <-6, 7>, <-2, 11>, <0,
13>, <4, 17> ]>


---------------------------------------------------------


Transformation matrix is:
[0 1 0 0 0 0]
[1 0 0 0 0 0]
[0 0 0 0 1 0]
[0 0 0 0 0 1]
[0 0 1 0 0 0]
[0 0 0 1 0 0]

Diagonal matrix is:
[ 1  0  0  0  0  0]
[ 0  1  0  0  0  0]
[ 0  0  1  0  0  0]
[ 0  0  0 -1  0  0]
[ 0  0  0  0 -1  0]
[ 0  0  0  0  0 -1]

Point counts are [
    [ 85, 3 ],
    [ 331, 5 ],
    [ 785, 7 ],
    [ 2509, 11 ],
    [ 3875, 13 ],
    [ 7855, 17 ]
]

Good point counts are [
    [ 85, 3 ],
    [ 331, 5 ],
    [ 785, 7 ],
    [ 2509, 11 ],
    [ 3875, 13 ],
    [ 7855, 17 ]
]

Level of weight 4 newform is [ 0, 0, 0 ]

not modular


---------------------------------------------------------


Transformation matrix is:
[0 1 0 0 0 0]
[1 0 0 0 0 0]
[0 0 0 0 0 1]
[0 0 0 1 0 0]
[0 0 0 0 1 0]
[0 0 1 0 0 0]

Diagonal matrix is:
[ 1  0  0  0  0  0]
[ 0  1  0  0  0  0]
[ 0  0  1  0  0  0]
[ 0  0  0  1  0  0]
[ 0  0  0  0 -1  0]
[ 0  0  0  0  0 -1]

Point counts are [
    [ 73, 3 ],
    [ 280, 5 ],
    [ 710, 7 ],
    [ 2266, 11 ],
    [ 3512, 13 ],
    [ 7420, 17 ]
]

Good point counts are [
    [ 73, 3 ],
    [ 280, 5 ],
    [ 710, 7 ],
    [ 2266, 11 ],
    [ 3512, 13 ],
    [ 7420, 17 ]
]

Level of weight 4 newform is [ 6, 1, 1 ]

First coefficient can be obtained from:  [ <14, 3>, <32, 5>, <50, 7>, <86, 11>,
<104, 13>, <140, 17> ]
Second coefficient is  <[ -1, 3, 3, 3, 3, 1 ], [ <-8, 5>, <-6, 7>, <-2, 11>, <0,
13>, <4, 17> ]>


---------------------------------------------------------


Transformation matrix is:
[0 1 0 0 0 0]
[1 0 0 0 0 0]
[0 0 0 0 0 1]
[0 0 0 0 1 0]
[0 0 0 1 0 0]
[0 0 1 0 0 0]

Diagonal matrix is:
[ 1  0  0  0  0  0]
[ 0  1  0  0  0  0]
[ 0  0  1  0  0  0]
[ 0  0  0 -1  0  0]
[ 0  0  0  0 -1  0]
[ 0  0  0  0  0 -1]

Point counts are [
    [ 85, 3 ],
    [ 331, 5 ],
    [ 785, 7 ],
    [ 2509, 11 ],
    [ 3875, 13 ],
    [ 7855, 17 ]
]

Good point counts are [
    [ 85, 3 ],
    [ 331, 5 ],
    [ 785, 7 ],
    [ 2509, 11 ],
    [ 3875, 13 ],
    [ 7855, 17 ]
]

Level of weight 4 newform is [ 0, 0, 0 ]

not modular


---------------------------------------------------------


Transformation matrix is:
[0 0 1 0 0 0]
[0 1 0 0 0 0]
[1 0 0 0 0 0]
[0 0 0 1 0 0]
[0 0 0 0 1 0]
[0 0 0 0 0 1]

Diagonal matrix is:
[ 1  0  0  0  0  0]
[ 0  1  0  0  0  0]
[ 0  0  1  0  0  0]
[ 0  0  0  1  0  0]
[ 0  0  0  0  1  0]
[ 0  0  0  0  0 -1]

Point counts are [
    [ 79, 3 ],
    [ 301, 5 ],
    [ 715, 7 ],
    [ 2311, 11 ],
    [ 3589, 13 ],
    [ 7345, 17 ]
]

Good point counts are [
    [ 79, 3 ],
    [ 301, 5 ],
    [ 715, 7 ],
    [ 2311, 11 ],
    [ 3589, 13 ],
    [ 7345, 17 ]
]

Level of weight 4 newform is [ 0, 0, 0 ]

not modular


---------------------------------------------------------


Transformation matrix is:
[0 0 1 0 0 0]
[0 1 0 0 0 0]
[1 0 0 0 0 0]
[0 0 0 1 0 0]
[0 0 0 0 0 1]
[0 0 0 0 1 0]

Diagonal matrix is:
[ 1  0  0  0  0  0]
[ 0  1  0  0  0  0]
[ 0  0  1  0  0  0]
[ 0  0  0  1  0  0]
[ 0  0  0  0 -1  0]
[ 0  0  0  0  0 -1]

Point counts are [
    [ 73, 3 ],
    [ 280, 5 ],
    [ 710, 7 ],
    [ 2266, 11 ],
    [ 3512, 13 ],
    [ 7420, 17 ]
]

Good point counts are [
    [ 73, 3 ],
    [ 280, 5 ],
    [ 710, 7 ],
    [ 2266, 11 ],
    [ 3512, 13 ],
    [ 7420, 17 ]
]

Level of weight 4 newform is [ 6, 1, 1 ]

First coefficient can be obtained from:  [ <14, 3>, <32, 5>, <50, 7>, <86, 11>,
<104, 13>, <140, 17> ]
Second coefficient is  <[ -1, 3, 3, 3, 3, 1 ], [ <-8, 5>, <-6, 7>, <-2, 11>, <0,
13>, <4, 17> ]>


---------------------------------------------------------


Transformation matrix is:
[0 0 1 0 0 0]
[0 1 0 0 0 0]
[1 0 0 0 0 0]
[0 0 0 0 1 0]
[0 0 0 1 0 0]
[0 0 0 0 0 1]

Diagonal matrix is:
[ 1  0  0  0  0  0]
[ 0  1  0  0  0  0]
[ 0  0  1  0  0  0]
[ 0  0  0  1  0  0]
[ 0  0  0  0 -1  0]
[ 0  0  0  0  0 -1]

Point counts are [
    [ 73, 3 ],
    [ 280, 5 ],
    [ 710, 7 ],
    [ 2266, 11 ],
    [ 3512, 13 ],
    [ 7420, 17 ]
]

Good point counts are [
    [ 73, 3 ],
    [ 280, 5 ],
    [ 710, 7 ],
    [ 2266, 11 ],
    [ 3512, 13 ],
    [ 7420, 17 ]
]

Level of weight 4 newform is [ 6, 1, 1 ]

First coefficient can be obtained from:  [ <14, 3>, <32, 5>, <50, 7>, <86, 11>,
<104, 13>, <140, 17> ]
Second coefficient is  <[ -1, 3, 3, 3, 3, 1 ], [ <-8, 5>, <-6, 7>, <-2, 11>, <0,
13>, <4, 17> ]>


---------------------------------------------------------


Transformation matrix is:
[0 0 1 0 0 0]
[0 1 0 0 0 0]
[1 0 0 0 0 0]
[0 0 0 0 0 1]
[0 0 0 0 1 0]
[0 0 0 1 0 0]

Diagonal matrix is:
[ 1  0  0  0  0  0]
[ 0  1  0  0  0  0]
[ 0  0  1  0  0  0]
[ 0  0  0  1  0  0]
[ 0  0  0  0 -1  0]
[ 0  0  0  0  0 -1]

Point counts are [
    [ 73, 3 ],
    [ 280, 5 ],
    [ 710, 7 ],
    [ 2266, 11 ],
    [ 3512, 13 ],
    [ 7420, 17 ]
]

Good point counts are [
    [ 73, 3 ],
    [ 280, 5 ],
    [ 710, 7 ],
    [ 2266, 11 ],
    [ 3512, 13 ],
    [ 7420, 17 ]
]

Level of weight 4 newform is [ 6, 1, 1 ]

First coefficient can be obtained from:  [ <14, 3>, <32, 5>, <50, 7>, <86, 11>,
<104, 13>, <140, 17> ]
Second coefficient is  <[ -1, 3, 3, 3, 3, 1 ], [ <-8, 5>, <-6, 7>, <-2, 11>, <0,
13>, <4, 17> ]>


---------------------------------------------------------


Transformation matrix is:
[0 0 1 0 0 0]
[0 0 0 1 0 0]
[1 0 0 0 0 0]
[0 1 0 0 0 0]
[0 0 0 0 1 0]
[0 0 0 0 0 1]

Diagonal matrix is:
[ 1  0  0  0  0  0]
[ 0  1  0  0  0  0]
[ 0  0  1  0  0  0]
[ 0  0  0  1  0  0]
[ 0  0  0  0 -1  0]
[ 0  0  0  0  0 -1]

Point counts are [
    [ 73, 3 ],
    [ 280, 5 ],
    [ 710, 7 ],
    [ 2266, 11 ],
    [ 3512, 13 ],
    [ 7420, 17 ]
]

Good point counts are [
    [ 73, 3 ],
    [ 280, 5 ],
    [ 710, 7 ],
    [ 2266, 11 ],
    [ 3512, 13 ],
    [ 7420, 17 ]
]

Level of weight 4 newform is [ 6, 1, 1 ]

First coefficient can be obtained from:  [ <14, 3>, <32, 5>, <50, 7>, <86, 11>,
<104, 13>, <140, 17> ]
Second coefficient is  <[ -1, 3, 3, 3, 3, 1 ], [ <-8, 5>, <-6, 7>, <-2, 11>, <0,
13>, <4, 17> ]>


---------------------------------------------------------


Transformation matrix is:
[0 0 1 0 0 0]
[0 0 0 1 0 0]
[1 0 0 0 0 0]
[0 1 0 0 0 0]
[0 0 0 0 0 1]
[0 0 0 0 1 0]

Diagonal matrix is:
[ 1  0  0  0  0  0]
[ 0  1  0  0  0  0]
[ 0  0  1  0  0  0]
[ 0  0  0 -1  0  0]
[ 0  0  0  0 -1  0]
[ 0  0  0  0  0 -1]

Point counts are [
    [ 85, 3 ],
    [ 331, 5 ],
    [ 785, 7 ],
    [ 2509, 11 ],
    [ 3875, 13 ],
    [ 7855, 17 ]
]

Good point counts are [
    [ 85, 3 ],
    [ 331, 5 ],
    [ 785, 7 ],
    [ 2509, 11 ],
    [ 3875, 13 ],
    [ 7855, 17 ]
]

Level of weight 4 newform is [ 0, 0, 0 ]

not modular


---------------------------------------------------------


Transformation matrix is:
[0 0 1 0 0 0]
[0 0 0 0 1 0]
[1 0 0 0 0 0]
[0 0 0 1 0 0]
[0 1 0 0 0 0]
[0 0 0 0 0 1]

Diagonal matrix is:
[ 1  0  0  0  0  0]
[ 0  1  0  0  0  0]
[ 0  0  1  0  0  0]
[ 0  0  0  1  0  0]
[ 0  0  0  0 -1  0]
[ 0  0  0  0  0 -1]

Point counts are [
    [ 73, 3 ],
    [ 280, 5 ],
    [ 710, 7 ],
    [ 2266, 11 ],
    [ 3512, 13 ],
    [ 7420, 17 ]
]

Good point counts are [
    [ 73, 3 ],
    [ 280, 5 ],
    [ 710, 7 ],
    [ 2266, 11 ],
    [ 3512, 13 ],
    [ 7420, 17 ]
]

Level of weight 4 newform is [ 6, 1, 1 ]

First coefficient can be obtained from:  [ <14, 3>, <32, 5>, <50, 7>, <86, 11>,
<104, 13>, <140, 17> ]
Second coefficient is  <[ -1, 3, 3, 3, 3, 1 ], [ <-8, 5>, <-6, 7>, <-2, 11>, <0,
13>, <4, 17> ]>


---------------------------------------------------------


Transformation matrix is:
[0 0 1 0 0 0]
[0 0 0 0 1 0]
[1 0 0 0 0 0]
[0 0 0 0 0 1]
[0 1 0 0 0 0]
[0 0 0 1 0 0]

Diagonal matrix is:
[ 1  0  0  0  0  0]
[ 0  1  0  0  0  0]
[ 0  0  1  0  0  0]
[ 0  0  0 -1  0  0]
[ 0  0  0  0 -1  0]
[ 0  0  0  0  0 -1]

Point counts are [
    [ 85, 3 ],
    [ 331, 5 ],
    [ 785, 7 ],
    [ 2509, 11 ],
    [ 3875, 13 ],
    [ 7855, 17 ]
]

Good point counts are [
    [ 85, 3 ],
    [ 331, 5 ],
    [ 785, 7 ],
    [ 2509, 11 ],
    [ 3875, 13 ],
    [ 7855, 17 ]
]

Level of weight 4 newform is [ 0, 0, 0 ]

not modular


---------------------------------------------------------


Transformation matrix is:
[0 0 1 0 0 0]
[0 0 0 0 0 1]
[1 0 0 0 0 0]
[0 0 0 1 0 0]
[0 0 0 0 1 0]
[0 1 0 0 0 0]

Diagonal matrix is:
[ 1  0  0  0  0  0]
[ 0  1  0  0  0  0]
[ 0  0  1  0  0  0]
[ 0  0  0  1  0  0]
[ 0  0  0  0 -1  0]
[ 0  0  0  0  0 -1]

Point counts are [
    [ 73, 3 ],
    [ 280, 5 ],
    [ 710, 7 ],
    [ 2266, 11 ],
    [ 3512, 13 ],
    [ 7420, 17 ]
]

Good point counts are [
    [ 73, 3 ],
    [ 280, 5 ],
    [ 710, 7 ],
    [ 2266, 11 ],
    [ 3512, 13 ],
    [ 7420, 17 ]
]

Level of weight 4 newform is [ 6, 1, 1 ]

First coefficient can be obtained from:  [ <14, 3>, <32, 5>, <50, 7>, <86, 11>,
<104, 13>, <140, 17> ]
Second coefficient is  <[ -1, 3, 3, 3, 3, 1 ], [ <-8, 5>, <-6, 7>, <-2, 11>, <0,
13>, <4, 17> ]>


---------------------------------------------------------


Transformation matrix is:
[0 0 1 0 0 0]
[0 0 0 0 0 1]
[1 0 0 0 0 0]
[0 0 0 0 1 0]
[0 0 0 1 0 0]
[0 1 0 0 0 0]

Diagonal matrix is:
[ 1  0  0  0  0  0]
[ 0  1  0  0  0  0]
[ 0  0  1  0  0  0]
[ 0  0  0 -1  0  0]
[ 0  0  0  0 -1  0]
[ 0  0  0  0  0 -1]

Point counts are [
    [ 85, 3 ],
    [ 331, 5 ],
    [ 785, 7 ],
    [ 2509, 11 ],
    [ 3875, 13 ],
    [ 7855, 17 ]
]

Good point counts are [
    [ 85, 3 ],
    [ 331, 5 ],
    [ 785, 7 ],
    [ 2509, 11 ],
    [ 3875, 13 ],
    [ 7855, 17 ]
]

Level of weight 4 newform is [ 0, 0, 0 ]

not modular


---------------------------------------------------------


Transformation matrix is:
[0 0 0 1 0 0]
[0 1 0 0 0 0]
[0 0 1 0 0 0]
[1 0 0 0 0 0]
[0 0 0 0 1 0]
[0 0 0 0 0 1]

Diagonal matrix is:
[ 1  0  0  0  0  0]
[ 0  1  0  0  0  0]
[ 0  0  1  0  0  0]
[ 0  0  0  1  0  0]
[ 0  0  0  0  1  0]
[ 0  0  0  0  0 -1]

Point counts are [
    [ 79, 3 ],
    [ 301, 5 ],
    [ 715, 7 ],
    [ 2311, 11 ],
    [ 3589, 13 ],
    [ 7345, 17 ]
]

Good point counts are [
    [ 79, 3 ],
    [ 301, 5 ],
    [ 715, 7 ],
    [ 2311, 11 ],
    [ 3589, 13 ],
    [ 7345, 17 ]
]

Level of weight 4 newform is [ 0, 0, 0 ]

not modular


---------------------------------------------------------


Transformation matrix is:
[0 0 0 1 0 0]
[0 1 0 0 0 0]
[0 0 1 0 0 0]
[1 0 0 0 0 0]
[0 0 0 0 0 1]
[0 0 0 0 1 0]

Diagonal matrix is:
[ 1  0  0  0  0  0]
[ 0  1  0  0  0  0]
[ 0  0  1  0  0  0]
[ 0  0  0  1  0  0]
[ 0  0  0  0 -1  0]
[ 0  0  0  0  0 -1]

Point counts are [
    [ 73, 3 ],
    [ 280, 5 ],
    [ 710, 7 ],
    [ 2266, 11 ],
    [ 3512, 13 ],
    [ 7420, 17 ]
]

Good point counts are [
    [ 73, 3 ],
    [ 280, 5 ],
    [ 710, 7 ],
    [ 2266, 11 ],
    [ 3512, 13 ],
    [ 7420, 17 ]
]

Level of weight 4 newform is [ 6, 1, 1 ]

First coefficient can be obtained from:  [ <14, 3>, <32, 5>, <50, 7>, <86, 11>,
<104, 13>, <140, 17> ]
Second coefficient is  <[ -1, 3, 3, 3, 3, 1 ], [ <-8, 5>, <-6, 7>, <-2, 11>, <0,
13>, <4, 17> ]>


---------------------------------------------------------


Transformation matrix is:
[0 0 0 1 0 0]
[0 1 0 0 0 0]
[0 0 0 0 1 0]
[1 0 0 0 0 0]
[0 0 1 0 0 0]
[0 0 0 0 0 1]

Diagonal matrix is:
[ 1  0  0  0  0  0]
[ 0  1  0  0  0  0]
[ 0  0  1  0  0  0]
[ 0  0  0  1  0  0]
[ 0  0  0  0 -1  0]
[ 0  0  0  0  0 -1]

Point counts are [
    [ 73, 3 ],
    [ 280, 5 ],
    [ 710, 7 ],
    [ 2266, 11 ],
    [ 3512, 13 ],
    [ 7420, 17 ]
]

Good point counts are [
    [ 73, 3 ],
    [ 280, 5 ],
    [ 710, 7 ],
    [ 2266, 11 ],
    [ 3512, 13 ],
    [ 7420, 17 ]
]

Level of weight 4 newform is [ 6, 1, 1 ]

First coefficient can be obtained from:  [ <14, 3>, <32, 5>, <50, 7>, <86, 11>,
<104, 13>, <140, 17> ]
Second coefficient is  <[ -1, 3, 3, 3, 3, 1 ], [ <-8, 5>, <-6, 7>, <-2, 11>, <0,
13>, <4, 17> ]>


---------------------------------------------------------


Transformation matrix is:
[0 0 0 1 0 0]
[0 1 0 0 0 0]
[0 0 0 0 0 1]
[1 0 0 0 0 0]
[0 0 0 0 1 0]
[0 0 1 0 0 0]

Diagonal matrix is:
[ 1  0  0  0  0  0]
[ 0  1  0  0  0  0]
[ 0  0  1  0  0  0]
[ 0  0  0  1  0  0]
[ 0  0  0  0 -1  0]
[ 0  0  0  0  0 -1]

Point counts are [
    [ 73, 3 ],
    [ 280, 5 ],
    [ 710, 7 ],
    [ 2266, 11 ],
    [ 3512, 13 ],
    [ 7420, 17 ]
]

Good point counts are [
    [ 73, 3 ],
    [ 280, 5 ],
    [ 710, 7 ],
    [ 2266, 11 ],
    [ 3512, 13 ],
    [ 7420, 17 ]
]

Level of weight 4 newform is [ 6, 1, 1 ]

First coefficient can be obtained from:  [ <14, 3>, <32, 5>, <50, 7>, <86, 11>,
<104, 13>, <140, 17> ]
Second coefficient is  <[ -1, 3, 3, 3, 3, 1 ], [ <-8, 5>, <-6, 7>, <-2, 11>, <0,
13>, <4, 17> ]>


---------------------------------------------------------


Transformation matrix is:
[0 0 0 1 0 0]
[0 0 1 0 0 0]
[0 1 0 0 0 0]
[1 0 0 0 0 0]
[0 0 0 0 1 0]
[0 0 0 0 0 1]

Diagonal matrix is:
[ 1  0  0  0  0  0]
[ 0  1  0  0  0  0]
[ 0  0  1  0  0  0]
[ 0  0  0  1  0  0]
[ 0  0  0  0 -1  0]
[ 0  0  0  0  0 -1]

Point counts are [
    [ 73, 3 ],
    [ 280, 5 ],
    [ 710, 7 ],
    [ 2266, 11 ],
    [ 3512, 13 ],
    [ 7420, 17 ]
]

Good point counts are [
    [ 73, 3 ],
    [ 280, 5 ],
    [ 710, 7 ],
    [ 2266, 11 ],
    [ 3512, 13 ],
    [ 7420, 17 ]
]

Level of weight 4 newform is [ 6, 1, 1 ]

First coefficient can be obtained from:  [ <14, 3>, <32, 5>, <50, 7>, <86, 11>,
<104, 13>, <140, 17> ]
Second coefficient is  <[ -1, 3, 3, 3, 3, 1 ], [ <-8, 5>, <-6, 7>, <-2, 11>, <0,
13>, <4, 17> ]>


---------------------------------------------------------


Transformation matrix is:
[0 0 0 1 0 0]
[0 0 1 0 0 0]
[0 1 0 0 0 0]
[1 0 0 0 0 0]
[0 0 0 0 0 1]
[0 0 0 0 1 0]

Diagonal matrix is:
[ 1  0  0  0  0  0]
[ 0  1  0  0  0  0]
[ 0  0  1  0  0  0]
[ 0  0  0 -1  0  0]
[ 0  0  0  0 -1  0]
[ 0  0  0  0  0 -1]

Point counts are [
    [ 85, 3 ],
    [ 331, 5 ],
    [ 785, 7 ],
    [ 2509, 11 ],
    [ 3875, 13 ],
    [ 7855, 17 ]
]

Good point counts are [
    [ 85, 3 ],
    [ 331, 5 ],
    [ 785, 7 ],
    [ 2509, 11 ],
    [ 3875, 13 ],
    [ 7855, 17 ]
]

Level of weight 4 newform is [ 0, 0, 0 ]

not modular


---------------------------------------------------------


Transformation matrix is:
[0 0 0 1 0 0]
[0 0 0 0 1 0]
[0 0 1 0 0 0]
[1 0 0 0 0 0]
[0 1 0 0 0 0]
[0 0 0 0 0 1]

Diagonal matrix is:
[ 1  0  0  0  0  0]
[ 0  1  0  0  0  0]
[ 0  0  1  0  0  0]
[ 0  0  0  1  0  0]
[ 0  0  0  0 -1  0]
[ 0  0  0  0  0 -1]

Point counts are [
    [ 73, 3 ],
    [ 280, 5 ],
    [ 710, 7 ],
    [ 2266, 11 ],
    [ 3512, 13 ],
    [ 7420, 17 ]
]

Good point counts are [
    [ 73, 3 ],
    [ 280, 5 ],
    [ 710, 7 ],
    [ 2266, 11 ],
    [ 3512, 13 ],
    [ 7420, 17 ]
]

Level of weight 4 newform is [ 6, 1, 1 ]

First coefficient can be obtained from:  [ <14, 3>, <32, 5>, <50, 7>, <86, 11>,
<104, 13>, <140, 17> ]
Second coefficient is  <[ -1, 3, 3, 3, 3, 1 ], [ <-8, 5>, <-6, 7>, <-2, 11>, <0,
13>, <4, 17> ]>


---------------------------------------------------------


Transformation matrix is:
[0 0 0 1 0 0]
[0 0 0 0 1 0]
[0 0 0 0 0 1]
[1 0 0 0 0 0]
[0 1 0 0 0 0]
[0 0 1 0 0 0]

Diagonal matrix is:
[ 1  0  0  0  0  0]
[ 0  1  0  0  0  0]
[ 0  0  1  0  0  0]
[ 0  0  0 -1  0  0]
[ 0  0  0  0 -1  0]
[ 0  0  0  0  0 -1]

Point counts are [
    [ 85, 3 ],
    [ 331, 5 ],
    [ 785, 7 ],
    [ 2509, 11 ],
    [ 3875, 13 ],
    [ 7855, 17 ]
]

Good point counts are [
    [ 85, 3 ],
    [ 331, 5 ],
    [ 785, 7 ],
    [ 2509, 11 ],
    [ 3875, 13 ],
    [ 7855, 17 ]
]

Level of weight 4 newform is [ 0, 0, 0 ]

not modular


---------------------------------------------------------


Transformation matrix is:
[0 0 0 1 0 0]
[0 0 0 0 0 1]
[0 0 1 0 0 0]
[1 0 0 0 0 0]
[0 0 0 0 1 0]
[0 1 0 0 0 0]

Diagonal matrix is:
[ 1  0  0  0  0  0]
[ 0  1  0  0  0  0]
[ 0  0  1  0  0  0]
[ 0  0  0  1  0  0]
[ 0  0  0  0 -1  0]
[ 0  0  0  0  0 -1]

Point counts are [
    [ 73, 3 ],
    [ 280, 5 ],
    [ 710, 7 ],
    [ 2266, 11 ],
    [ 3512, 13 ],
    [ 7420, 17 ]
]

Good point counts are [
    [ 73, 3 ],
    [ 280, 5 ],
    [ 710, 7 ],
    [ 2266, 11 ],
    [ 3512, 13 ],
    [ 7420, 17 ]
]

Level of weight 4 newform is [ 6, 1, 1 ]

First coefficient can be obtained from:  [ <14, 3>, <32, 5>, <50, 7>, <86, 11>,
<104, 13>, <140, 17> ]
Second coefficient is  <[ -1, 3, 3, 3, 3, 1 ], [ <-8, 5>, <-6, 7>, <-2, 11>, <0,
13>, <4, 17> ]>


---------------------------------------------------------


Transformation matrix is:
[0 0 0 1 0 0]
[0 0 0 0 0 1]
[0 0 0 0 1 0]
[1 0 0 0 0 0]
[0 0 1 0 0 0]
[0 1 0 0 0 0]

Diagonal matrix is:
[ 1  0  0  0  0  0]
[ 0  1  0  0  0  0]
[ 0  0  1  0  0  0]
[ 0  0  0 -1  0  0]
[ 0  0  0  0 -1  0]
[ 0  0  0  0  0 -1]

Point counts are [
    [ 85, 3 ],
    [ 331, 5 ],
    [ 785, 7 ],
    [ 2509, 11 ],
    [ 3875, 13 ],
    [ 7855, 17 ]
]

Good point counts are [
    [ 85, 3 ],
    [ 331, 5 ],
    [ 785, 7 ],
    [ 2509, 11 ],
    [ 3875, 13 ],
    [ 7855, 17 ]
]

Level of weight 4 newform is [ 0, 0, 0 ]

not modular


---------------------------------------------------------


Transformation matrix is:
[0 0 0 0 1 0]
[0 1 0 0 0 0]
[0 0 1 0 0 0]
[0 0 0 1 0 0]
[1 0 0 0 0 0]
[0 0 0 0 0 1]

Diagonal matrix is:
[ 1  0  0  0  0  0]
[ 0  1  0  0  0  0]
[ 0  0  1  0  0  0]
[ 0  0  0  1  0  0]
[ 0  0  0  0  1  0]
[ 0  0  0  0  0 -1]

Point counts are [
    [ 79, 3 ],
    [ 301, 5 ],
    [ 715, 7 ],
    [ 2311, 11 ],
    [ 3589, 13 ],
    [ 7345, 17 ]
]

Good point counts are [
    [ 79, 3 ],
    [ 301, 5 ],
    [ 715, 7 ],
    [ 2311, 11 ],
    [ 3589, 13 ],
    [ 7345, 17 ]
]

Level of weight 4 newform is [ 0, 0, 0 ]

not modular


---------------------------------------------------------


Transformation matrix is:
[0 0 0 0 1 0]
[0 1 0 0 0 0]
[0 0 1 0 0 0]
[0 0 0 0 0 1]
[1 0 0 0 0 0]
[0 0 0 1 0 0]

Diagonal matrix is:
[ 1  0  0  0  0  0]
[ 0  1  0  0  0  0]
[ 0  0  1  0  0  0]
[ 0  0  0  1  0  0]
[ 0  0  0  0 -1  0]
[ 0  0  0  0  0 -1]

Point counts are [
    [ 73, 3 ],
    [ 280, 5 ],
    [ 710, 7 ],
    [ 2266, 11 ],
    [ 3512, 13 ],
    [ 7420, 17 ]
]

Good point counts are [
    [ 73, 3 ],
    [ 280, 5 ],
    [ 710, 7 ],
    [ 2266, 11 ],
    [ 3512, 13 ],
    [ 7420, 17 ]
]

Level of weight 4 newform is [ 6, 1, 1 ]

First coefficient can be obtained from:  [ <14, 3>, <32, 5>, <50, 7>, <86, 11>,
<104, 13>, <140, 17> ]
Second coefficient is  <[ -1, 3, 3, 3, 3, 1 ], [ <-8, 5>, <-6, 7>, <-2, 11>, <0,
13>, <4, 17> ]>


---------------------------------------------------------


Transformation matrix is:
[0 0 0 0 1 0]
[0 1 0 0 0 0]
[0 0 0 1 0 0]
[0 0 1 0 0 0]
[1 0 0 0 0 0]
[0 0 0 0 0 1]

Diagonal matrix is:
[ 1  0  0  0  0  0]
[ 0  1  0  0  0  0]
[ 0  0  1  0  0  0]
[ 0  0  0  1  0  0]
[ 0  0  0  0 -1  0]
[ 0  0  0  0  0 -1]

Point counts are [
    [ 73, 3 ],
    [ 280, 5 ],
    [ 710, 7 ],
    [ 2266, 11 ],
    [ 3512, 13 ],
    [ 7420, 17 ]
]

Good point counts are [
    [ 73, 3 ],
    [ 280, 5 ],
    [ 710, 7 ],
    [ 2266, 11 ],
    [ 3512, 13 ],
    [ 7420, 17 ]
]

Level of weight 4 newform is [ 6, 1, 1 ]

First coefficient can be obtained from:  [ <14, 3>, <32, 5>, <50, 7>, <86, 11>,
<104, 13>, <140, 17> ]
Second coefficient is  <[ -1, 3, 3, 3, 3, 1 ], [ <-8, 5>, <-6, 7>, <-2, 11>, <0,
13>, <4, 17> ]>


---------------------------------------------------------


Transformation matrix is:
[0 0 0 0 1 0]
[0 1 0 0 0 0]
[0 0 0 0 0 1]
[0 0 0 1 0 0]
[1 0 0 0 0 0]
[0 0 1 0 0 0]

Diagonal matrix is:
[ 1  0  0  0  0  0]
[ 0  1  0  0  0  0]
[ 0  0  1  0  0  0]
[ 0  0  0  1  0  0]
[ 0  0  0  0 -1  0]
[ 0  0  0  0  0 -1]

Point counts are [
    [ 73, 3 ],
    [ 280, 5 ],
    [ 710, 7 ],
    [ 2266, 11 ],
    [ 3512, 13 ],
    [ 7420, 17 ]
]

Good point counts are [
    [ 73, 3 ],
    [ 280, 5 ],
    [ 710, 7 ],
    [ 2266, 11 ],
    [ 3512, 13 ],
    [ 7420, 17 ]
]

Level of weight 4 newform is [ 6, 1, 1 ]

First coefficient can be obtained from:  [ <14, 3>, <32, 5>, <50, 7>, <86, 11>,
<104, 13>, <140, 17> ]
Second coefficient is  <[ -1, 3, 3, 3, 3, 1 ], [ <-8, 5>, <-6, 7>, <-2, 11>, <0,
13>, <4, 17> ]>


---------------------------------------------------------


Transformation matrix is:
[0 0 0 0 1 0]
[0 0 1 0 0 0]
[0 1 0 0 0 0]
[0 0 0 1 0 0]
[1 0 0 0 0 0]
[0 0 0 0 0 1]

Diagonal matrix is:
[ 1  0  0  0  0  0]
[ 0  1  0  0  0  0]
[ 0  0  1  0  0  0]
[ 0  0  0  1  0  0]
[ 0  0  0  0 -1  0]
[ 0  0  0  0  0 -1]

Point counts are [
    [ 73, 3 ],
    [ 280, 5 ],
    [ 710, 7 ],
    [ 2266, 11 ],
    [ 3512, 13 ],
    [ 7420, 17 ]
]

Good point counts are [
    [ 73, 3 ],
    [ 280, 5 ],
    [ 710, 7 ],
    [ 2266, 11 ],
    [ 3512, 13 ],
    [ 7420, 17 ]
]

Level of weight 4 newform is [ 6, 1, 1 ]

First coefficient can be obtained from:  [ <14, 3>, <32, 5>, <50, 7>, <86, 11>,
<104, 13>, <140, 17> ]
Second coefficient is  <[ -1, 3, 3, 3, 3, 1 ], [ <-8, 5>, <-6, 7>, <-2, 11>, <0,
13>, <4, 17> ]>


---------------------------------------------------------


Transformation matrix is:
[0 0 0 0 1 0]
[0 0 1 0 0 0]
[0 1 0 0 0 0]
[0 0 0 0 0 1]
[1 0 0 0 0 0]
[0 0 0 1 0 0]

Diagonal matrix is:
[ 1  0  0  0  0  0]
[ 0  1  0  0  0  0]
[ 0  0  1  0  0  0]
[ 0  0  0 -1  0  0]
[ 0  0  0  0 -1  0]
[ 0  0  0  0  0 -1]

Point counts are [
    [ 85, 3 ],
    [ 331, 5 ],
    [ 785, 7 ],
    [ 2509, 11 ],
    [ 3875, 13 ],
    [ 7855, 17 ]
]

Good point counts are [
    [ 85, 3 ],
    [ 331, 5 ],
    [ 785, 7 ],
    [ 2509, 11 ],
    [ 3875, 13 ],
    [ 7855, 17 ]
]

Level of weight 4 newform is [ 0, 0, 0 ]

not modular


---------------------------------------------------------


Transformation matrix is:
[0 0 0 0 1 0]
[0 0 0 1 0 0]
[0 0 1 0 0 0]
[0 1 0 0 0 0]
[1 0 0 0 0 0]
[0 0 0 0 0 1]

Diagonal matrix is:
[ 1  0  0  0  0  0]
[ 0  1  0  0  0  0]
[ 0  0  1  0  0  0]
[ 0  0  0  1  0  0]
[ 0  0  0  0 -1  0]
[ 0  0  0  0  0 -1]

Point counts are [
    [ 73, 3 ],
    [ 280, 5 ],
    [ 710, 7 ],
    [ 2266, 11 ],
    [ 3512, 13 ],
    [ 7420, 17 ]
]

Good point counts are [
    [ 73, 3 ],
    [ 280, 5 ],
    [ 710, 7 ],
    [ 2266, 11 ],
    [ 3512, 13 ],
    [ 7420, 17 ]
]

Level of weight 4 newform is [ 6, 1, 1 ]

First coefficient can be obtained from:  [ <14, 3>, <32, 5>, <50, 7>, <86, 11>,
<104, 13>, <140, 17> ]
Second coefficient is  <[ -1, 3, 3, 3, 3, 1 ], [ <-8, 5>, <-6, 7>, <-2, 11>, <0,
13>, <4, 17> ]>


---------------------------------------------------------


Transformation matrix is:
[0 0 0 0 1 0]
[0 0 0 1 0 0]
[0 0 0 0 0 1]
[0 1 0 0 0 0]
[1 0 0 0 0 0]
[0 0 1 0 0 0]

Diagonal matrix is:
[ 1  0  0  0  0  0]
[ 0  1  0  0  0  0]
[ 0  0  1  0  0  0]
[ 0  0  0 -1  0  0]
[ 0  0  0  0 -1  0]
[ 0  0  0  0  0 -1]

Point counts are [
    [ 85, 3 ],
    [ 331, 5 ],
    [ 785, 7 ],
    [ 2509, 11 ],
    [ 3875, 13 ],
    [ 7855, 17 ]
]

Good point counts are [
    [ 85, 3 ],
    [ 331, 5 ],
    [ 785, 7 ],
    [ 2509, 11 ],
    [ 3875, 13 ],
    [ 7855, 17 ]
]

Level of weight 4 newform is [ 0, 0, 0 ]

not modular


---------------------------------------------------------


Transformation matrix is:
[0 0 0 0 1 0]
[0 0 0 0 0 1]
[0 0 1 0 0 0]
[0 0 0 1 0 0]
[1 0 0 0 0 0]
[0 1 0 0 0 0]

Diagonal matrix is:
[ 1  0  0  0  0  0]
[ 0  1  0  0  0  0]
[ 0  0  1  0  0  0]
[ 0  0  0  1  0  0]
[ 0  0  0  0 -1  0]
[ 0  0  0  0  0 -1]

Point counts are [
    [ 73, 3 ],
    [ 280, 5 ],
    [ 710, 7 ],
    [ 2266, 11 ],
    [ 3512, 13 ],
    [ 7420, 17 ]
]

Good point counts are [
    [ 73, 3 ],
    [ 280, 5 ],
    [ 710, 7 ],
    [ 2266, 11 ],
    [ 3512, 13 ],
    [ 7420, 17 ]
]

Level of weight 4 newform is [ 6, 1, 1 ]

First coefficient can be obtained from:  [ <14, 3>, <32, 5>, <50, 7>, <86, 11>,
<104, 13>, <140, 17> ]
Second coefficient is  <[ -1, 3, 3, 3, 3, 1 ], [ <-8, 5>, <-6, 7>, <-2, 11>, <0,
13>, <4, 17> ]>


---------------------------------------------------------


Transformation matrix is:
[0 0 0 0 1 0]
[0 0 0 0 0 1]
[0 0 0 1 0 0]
[0 0 1 0 0 0]
[1 0 0 0 0 0]
[0 1 0 0 0 0]

Diagonal matrix is:
[ 1  0  0  0  0  0]
[ 0  1  0  0  0  0]
[ 0  0  1  0  0  0]
[ 0  0  0 -1  0  0]
[ 0  0  0  0 -1  0]
[ 0  0  0  0  0 -1]

Point counts are [
    [ 85, 3 ],
    [ 331, 5 ],
    [ 785, 7 ],
    [ 2509, 11 ],
    [ 3875, 13 ],
    [ 7855, 17 ]
]

Good point counts are [
    [ 85, 3 ],
    [ 331, 5 ],
    [ 785, 7 ],
    [ 2509, 11 ],
    [ 3875, 13 ],
    [ 7855, 17 ]
]

Level of weight 4 newform is [ 0, 0, 0 ]

not modular


---------------------------------------------------------


Transformation matrix is:
[0 0 0 0 0 1]
[0 1 0 0 0 0]
[0 0 1 0 0 0]
[0 0 0 1 0 0]
[0 0 0 0 1 0]
[1 0 0 0 0 0]

Diagonal matrix is:
[ 1  0  0  0  0  0]
[ 0  1  0  0  0  0]
[ 0  0  1  0  0  0]
[ 0  0  0  1  0  0]
[ 0  0  0  0  1  0]
[ 0  0  0  0  0 -1]

Point counts are [
    [ 79, 3 ],
    [ 301, 5 ],
    [ 715, 7 ],
    [ 2311, 11 ],
    [ 3589, 13 ],
    [ 7345, 17 ]
]

Good point counts are [
    [ 79, 3 ],
    [ 301, 5 ],
    [ 715, 7 ],
    [ 2311, 11 ],
    [ 3589, 13 ],
    [ 7345, 17 ]
]

Level of weight 4 newform is [ 0, 0, 0 ]

not modular


---------------------------------------------------------


Transformation matrix is:
[0 0 0 0 0 1]
[0 1 0 0 0 0]
[0 0 1 0 0 0]
[0 0 0 0 1 0]
[0 0 0 1 0 0]
[1 0 0 0 0 0]

Diagonal matrix is:
[ 1  0  0  0  0  0]
[ 0  1  0  0  0  0]
[ 0  0  1  0  0  0]
[ 0  0  0  1  0  0]
[ 0  0  0  0 -1  0]
[ 0  0  0  0  0 -1]

Point counts are [
    [ 73, 3 ],
    [ 280, 5 ],
    [ 710, 7 ],
    [ 2266, 11 ],
    [ 3512, 13 ],
    [ 7420, 17 ]
]

Good point counts are [
    [ 73, 3 ],
    [ 280, 5 ],
    [ 710, 7 ],
    [ 2266, 11 ],
    [ 3512, 13 ],
    [ 7420, 17 ]
]

Level of weight 4 newform is [ 6, 1, 1 ]

First coefficient can be obtained from:  [ <14, 3>, <32, 5>, <50, 7>, <86, 11>,
<104, 13>, <140, 17> ]
Second coefficient is  <[ -1, 3, 3, 3, 3, 1 ], [ <-8, 5>, <-6, 7>, <-2, 11>, <0,
13>, <4, 17> ]>


---------------------------------------------------------


Transformation matrix is:
[0 0 0 0 0 1]
[0 1 0 0 0 0]
[0 0 0 1 0 0]
[0 0 1 0 0 0]
[0 0 0 0 1 0]
[1 0 0 0 0 0]

Diagonal matrix is:
[ 1  0  0  0  0  0]
[ 0  1  0  0  0  0]
[ 0  0  1  0  0  0]
[ 0  0  0  1  0  0]
[ 0  0  0  0 -1  0]
[ 0  0  0  0  0 -1]

Point counts are [
    [ 73, 3 ],
    [ 280, 5 ],
    [ 710, 7 ],
    [ 2266, 11 ],
    [ 3512, 13 ],
    [ 7420, 17 ]
]

Good point counts are [
    [ 73, 3 ],
    [ 280, 5 ],
    [ 710, 7 ],
    [ 2266, 11 ],
    [ 3512, 13 ],
    [ 7420, 17 ]
]

Level of weight 4 newform is [ 6, 1, 1 ]

First coefficient can be obtained from:  [ <14, 3>, <32, 5>, <50, 7>, <86, 11>,
<104, 13>, <140, 17> ]
Second coefficient is  <[ -1, 3, 3, 3, 3, 1 ], [ <-8, 5>, <-6, 7>, <-2, 11>, <0,
13>, <4, 17> ]>


---------------------------------------------------------


Transformation matrix is:
[0 0 0 0 0 1]
[0 1 0 0 0 0]
[0 0 0 0 1 0]
[0 0 0 1 0 0]
[0 0 1 0 0 0]
[1 0 0 0 0 0]

Diagonal matrix is:
[ 1  0  0  0  0  0]
[ 0  1  0  0  0  0]
[ 0  0  1  0  0  0]
[ 0  0  0  1  0  0]
[ 0  0  0  0 -1  0]
[ 0  0  0  0  0 -1]

Point counts are [
    [ 73, 3 ],
    [ 280, 5 ],
    [ 710, 7 ],
    [ 2266, 11 ],
    [ 3512, 13 ],
    [ 7420, 17 ]
]

Good point counts are [
    [ 73, 3 ],
    [ 280, 5 ],
    [ 710, 7 ],
    [ 2266, 11 ],
    [ 3512, 13 ],
    [ 7420, 17 ]
]

Level of weight 4 newform is [ 6, 1, 1 ]

First coefficient can be obtained from:  [ <14, 3>, <32, 5>, <50, 7>, <86, 11>,
<104, 13>, <140, 17> ]
Second coefficient is  <[ -1, 3, 3, 3, 3, 1 ], [ <-8, 5>, <-6, 7>, <-2, 11>, <0,
13>, <4, 17> ]>


---------------------------------------------------------


Transformation matrix is:
[0 0 0 0 0 1]
[0 0 1 0 0 0]
[0 1 0 0 0 0]
[0 0 0 1 0 0]
[0 0 0 0 1 0]
[1 0 0 0 0 0]

Diagonal matrix is:
[ 1  0  0  0  0  0]
[ 0  1  0  0  0  0]
[ 0  0  1  0  0  0]
[ 0  0  0  1  0  0]
[ 0  0  0  0 -1  0]
[ 0  0  0  0  0 -1]

Point counts are [
    [ 73, 3 ],
    [ 280, 5 ],
    [ 710, 7 ],
    [ 2266, 11 ],
    [ 3512, 13 ],
    [ 7420, 17 ]
]

Good point counts are [
    [ 73, 3 ],
    [ 280, 5 ],
    [ 710, 7 ],
    [ 2266, 11 ],
    [ 3512, 13 ],
    [ 7420, 17 ]
]

Level of weight 4 newform is [ 6, 1, 1 ]

First coefficient can be obtained from:  [ <14, 3>, <32, 5>, <50, 7>, <86, 11>,
<104, 13>, <140, 17> ]
Second coefficient is  <[ -1, 3, 3, 3, 3, 1 ], [ <-8, 5>, <-6, 7>, <-2, 11>, <0,
13>, <4, 17> ]>


---------------------------------------------------------


Transformation matrix is:
[0 0 0 0 0 1]
[0 0 1 0 0 0]
[0 1 0 0 0 0]
[0 0 0 0 1 0]
[0 0 0 1 0 0]
[1 0 0 0 0 0]

Diagonal matrix is:
[ 1  0  0  0  0  0]
[ 0  1  0  0  0  0]
[ 0  0  1  0  0  0]
[ 0  0  0 -1  0  0]
[ 0  0  0  0 -1  0]
[ 0  0  0  0  0 -1]

Point counts are [
    [ 85, 3 ],
    [ 331, 5 ],
    [ 785, 7 ],
    [ 2509, 11 ],
    [ 3875, 13 ],
    [ 7855, 17 ]
]

Good point counts are [
    [ 85, 3 ],
    [ 331, 5 ],
    [ 785, 7 ],
    [ 2509, 11 ],
    [ 3875, 13 ],
    [ 7855, 17 ]
]

Level of weight 4 newform is [ 0, 0, 0 ]

not modular


---------------------------------------------------------


Transformation matrix is:
[0 0 0 0 0 1]
[0 0 0 1 0 0]
[0 0 1 0 0 0]
[0 1 0 0 0 0]
[0 0 0 0 1 0]
[1 0 0 0 0 0]

Diagonal matrix is:
[ 1  0  0  0  0  0]
[ 0  1  0  0  0  0]
[ 0  0  1  0  0  0]
[ 0  0  0  1  0  0]
[ 0  0  0  0 -1  0]
[ 0  0  0  0  0 -1]

Point counts are [
    [ 73, 3 ],
    [ 280, 5 ],
    [ 710, 7 ],
    [ 2266, 11 ],
    [ 3512, 13 ],
    [ 7420, 17 ]
]

Good point counts are [
    [ 73, 3 ],
    [ 280, 5 ],
    [ 710, 7 ],
    [ 2266, 11 ],
    [ 3512, 13 ],
    [ 7420, 17 ]
]

Level of weight 4 newform is [ 6, 1, 1 ]

First coefficient can be obtained from:  [ <14, 3>, <32, 5>, <50, 7>, <86, 11>,
<104, 13>, <140, 17> ]
Second coefficient is  <[ -1, 3, 3, 3, 3, 1 ], [ <-8, 5>, <-6, 7>, <-2, 11>, <0,
13>, <4, 17> ]>


---------------------------------------------------------


Transformation matrix is:
[0 0 0 0 0 1]
[0 0 0 1 0 0]
[0 0 0 0 1 0]
[0 1 0 0 0 0]
[0 0 1 0 0 0]
[1 0 0 0 0 0]

Diagonal matrix is:
[ 1  0  0  0  0  0]
[ 0  1  0  0  0  0]
[ 0  0  1  0  0  0]
[ 0  0  0 -1  0  0]
[ 0  0  0  0 -1  0]
[ 0  0  0  0  0 -1]

Point counts are [
    [ 85, 3 ],
    [ 331, 5 ],
    [ 785, 7 ],
    [ 2509, 11 ],
    [ 3875, 13 ],
    [ 7855, 17 ]
]

Good point counts are [
    [ 85, 3 ],
    [ 331, 5 ],
    [ 785, 7 ],
    [ 2509, 11 ],
    [ 3875, 13 ],
    [ 7855, 17 ]
]

Level of weight 4 newform is [ 0, 0, 0 ]

not modular


---------------------------------------------------------


Transformation matrix is:
[0 0 0 0 0 1]
[0 0 0 0 1 0]
[0 0 1 0 0 0]
[0 0 0 1 0 0]
[0 1 0 0 0 0]
[1 0 0 0 0 0]

Diagonal matrix is:
[ 1  0  0  0  0  0]
[ 0  1  0  0  0  0]
[ 0  0  1  0  0  0]
[ 0  0  0  1  0  0]
[ 0  0  0  0 -1  0]
[ 0  0  0  0  0 -1]

Point counts are [
    [ 73, 3 ],
    [ 280, 5 ],
    [ 710, 7 ],
    [ 2266, 11 ],
    [ 3512, 13 ],
    [ 7420, 17 ]
]

Good point counts are [
    [ 73, 3 ],
    [ 280, 5 ],
    [ 710, 7 ],
    [ 2266, 11 ],
    [ 3512, 13 ],
    [ 7420, 17 ]
]

Level of weight 4 newform is [ 6, 1, 1 ]

First coefficient can be obtained from:  [ <14, 3>, <32, 5>, <50, 7>, <86, 11>,
<104, 13>, <140, 17> ]
Second coefficient is  <[ -1, 3, 3, 3, 3, 1 ], [ <-8, 5>, <-6, 7>, <-2, 11>, <0,
13>, <4, 17> ]>


---------------------------------------------------------


Transformation matrix is:
[0 0 0 0 0 1]
[0 0 0 0 1 0]
[0 0 0 1 0 0]
[0 0 1 0 0 0]
[0 1 0 0 0 0]
[1 0 0 0 0 0]

Diagonal matrix is:
[ 1  0  0  0  0  0]
[ 0  1  0  0  0  0]
[ 0  0  1  0  0  0]
[ 0  0  0 -1  0  0]
[ 0  0  0  0 -1  0]
[ 0  0  0  0  0 -1]

Point counts are [
    [ 85, 3 ],
    [ 331, 5 ],
    [ 785, 7 ],
    [ 2509, 11 ],
    [ 3875, 13 ],
    [ 7855, 17 ]
]

Good point counts are [
    [ 85, 3 ],
    [ 331, 5 ],
    [ 785, 7 ],
    [ 2509, 11 ],
    [ 3875, 13 ],
    [ 7855, 17 ]
]

Level of weight 4 newform is [ 0, 0, 0 ]

not modular


---------------------------------------------------------

