Transformation matrix is:
[0 1 0 0 0 0]
[1 0 0 0 0 0]
[0 0 0 1 0 0]
[0 0 1 0 0 0]
[0 0 0 0 1 0]
[0 0 0 0 0 1]

Diagonal matrix is:
[ 1  0  0  0  0  0]
[ 0  1  0  0  0  0]
[ 0  0  1  0  0  0]
[ 0  0  0  1  0  0]
[ 0  0  0  0 -1  0]
[ 0  0  0  0  0 -1]

Point counts are [
    [ 79, 3 ],
    [ 245, 5 ],
    [ 661, 7 ],
    [ 2189, 11 ],
    [ 3421, 13 ],
    [ 7301, 17 ]
]

Good point counts are [
    [ 79, 3 ],
    [ 245, 5 ],
    [ 661, 7 ],
    [ 2189, 11 ],
    [ 3421, 13 ],
    [ 7301, 17 ]
]

Level of weight 4 newform is [ 6, 1, 1 ]

First coefficient can be obtained from:  [ <16, 3>, <25, 5>, <43, 7>, <79, 11>,
<97, 13>, <133, 17> ]
Second coefficient is  <[ 0, 0, 0, 0, 0, 0 ], [ <-15, 5>, <-13, 7>, <-9, 11>,
<-7, 13>, <-3, 17> ]>


---------------------------------------------------------


Transformation matrix is:
[0 1 0 0 0 0]
[1 0 0 0 0 0]
[0 0 0 1 0 0]
[0 0 1 0 0 0]
[0 0 0 0 0 1]
[0 0 0 0 1 0]

Diagonal matrix is:
[ 1  0  0  0  0  0]
[ 0  1  0  0  0  0]
[ 0  0  1  0  0  0]
[ 0  0  0 -1  0  0]
[ 0  0  0  0 -1  0]
[ 0  0  0  0  0 -1]

Point counts are [
    [ 85, 3 ],
    [ 286, 5 ],
    [ 722, 7 ],
    [ 2410, 11 ],
    [ 3758, 13 ],
    [ 7702, 17 ]
]

Good point counts are [
    [ 85, 3 ],
    [ 286, 5 ],
    [ 722, 7 ],
    [ 2410, 11 ],
    [ 3758, 13 ],
    [ 7702, 17 ]
]

Level of weight 4 newform is [ 0, 0, 0 ]

not modular


---------------------------------------------------------


Transformation matrix is:
[0 1 0 0 0 0]
[1 0 0 0 0 0]
[0 0 0 0 1 0]
[0 0 0 1 0 0]
[0 0 1 0 0 0]
[0 0 0 0 0 1]

Diagonal matrix is:
[ 1  0  0  0  0  0]
[ 0  1  0  0  0  0]
[ 0  0  1  0  0  0]
[ 0  0  0  1  0  0]
[ 0  0  0  0 -1  0]
[ 0  0  0  0  0 -1]

Point counts are [
    [ 79, 3 ],
    [ 245, 5 ],
    [ 661, 7 ],
    [ 2189, 11 ],
    [ 3421, 13 ],
    [ 7301, 17 ]
]

Good point counts are [
    [ 79, 3 ],
    [ 245, 5 ],
    [ 661, 7 ],
    [ 2189, 11 ],
    [ 3421, 13 ],
    [ 7301, 17 ]
]

Level of weight 4 newform is [ 6, 1, 1 ]

First coefficient can be obtained from:  [ <16, 3>, <25, 5>, <43, 7>, <79, 11>,
<97, 13>, <133, 17> ]
Second coefficient is  <[ 0, 0, 0, 0, 0, 0 ], [ <-15, 5>, <-13, 7>, <-9, 11>,
<-7, 13>, <-3, 17> ]>


---------------------------------------------------------


Transformation matrix is:
[0 1 0 0 0 0]
[1 0 0 0 0 0]
[0 0 0 0 1 0]
[0 0 0 0 0 1]
[0 0 1 0 0 0]
[0 0 0 1 0 0]

Diagonal matrix is:
[ 1  0  0  0  0  0]
[ 0  1  0  0  0  0]
[ 0  0  1  0  0  0]
[ 0  0  0 -1  0  0]
[ 0  0  0  0 -1  0]
[ 0  0  0  0  0 -1]

Point counts are [
    [ 85, 3 ],
    [ 286, 5 ],
    [ 722, 7 ],
    [ 2410, 11 ],
    [ 3758, 13 ],
    [ 7702, 17 ]
]

Good point counts are [
    [ 85, 3 ],
    [ 286, 5 ],
    [ 722, 7 ],
    [ 2410, 11 ],
    [ 3758, 13 ],
    [ 7702, 17 ]
]

Level of weight 4 newform is [ 0, 0, 0 ]

not modular


---------------------------------------------------------


Transformation matrix is:
[0 1 0 0 0 0]
[1 0 0 0 0 0]
[0 0 0 0 0 1]
[0 0 0 1 0 0]
[0 0 0 0 1 0]
[0 0 1 0 0 0]

Diagonal matrix is:
[ 1  0  0  0  0  0]
[ 0  1  0  0  0  0]
[ 0  0  1  0  0  0]
[ 0  0  0  1  0  0]
[ 0  0  0  0 -1  0]
[ 0  0  0  0  0 -1]

Point counts are [
    [ 79, 3 ],
    [ 245, 5 ],
    [ 661, 7 ],
    [ 2189, 11 ],
    [ 3421, 13 ],
    [ 7301, 17 ]
]

Good point counts are [
    [ 79, 3 ],
    [ 245, 5 ],
    [ 661, 7 ],
    [ 2189, 11 ],
    [ 3421, 13 ],
    [ 7301, 17 ]
]

Level of weight 4 newform is [ 6, 1, 1 ]

First coefficient can be obtained from:  [ <16, 3>, <25, 5>, <43, 7>, <79, 11>,
<97, 13>, <133, 17> ]
Second coefficient is  <[ 0, 0, 0, 0, 0, 0 ], [ <-15, 5>, <-13, 7>, <-9, 11>,
<-7, 13>, <-3, 17> ]>


---------------------------------------------------------


Transformation matrix is:
[0 1 0 0 0 0]
[1 0 0 0 0 0]
[0 0 0 0 0 1]
[0 0 0 0 1 0]
[0 0 0 1 0 0]
[0 0 1 0 0 0]

Diagonal matrix is:
[ 1  0  0  0  0  0]
[ 0  1  0  0  0  0]
[ 0  0  1  0  0  0]
[ 0  0  0 -1  0  0]
[ 0  0  0  0 -1  0]
[ 0  0  0  0  0 -1]

Point counts are [
    [ 85, 3 ],
    [ 286, 5 ],
    [ 722, 7 ],
    [ 2410, 11 ],
    [ 3758, 13 ],
    [ 7702, 17 ]
]

Good point counts are [
    [ 85, 3 ],
    [ 286, 5 ],
    [ 722, 7 ],
    [ 2410, 11 ],
    [ 3758, 13 ],
    [ 7702, 17 ]
]

Level of weight 4 newform is [ 0, 0, 0 ]

not modular


---------------------------------------------------------


Transformation matrix is:
[0 0 1 0 0 0]
[0 1 0 0 0 0]
[1 0 0 0 0 0]
[0 0 0 1 0 0]
[0 0 0 0 1 0]
[0 0 0 0 0 1]

Diagonal matrix is:
[ 1  0  0  0  0  0]
[ 0  1  0  0  0  0]
[ 0  0  1  0  0  0]
[ 0  0  0  1  0  0]
[ 0  0  0  0  1  0]
[ 0  0  0  0  0 -1]

Point counts are [
    [ 73, 3 ],
    [ 276, 5 ],
    [ 680, 7 ],
    [ 2256, 11 ],
    [ 3524, 13 ],
    [ 7260, 17 ]
]

Good point counts are [
    [ 73, 3 ],
    [ 276, 5 ],
    [ 680, 7 ],
    [ 2256, 11 ],
    [ 3524, 13 ],
    [ 7260, 17 ]
]

Level of weight 4 newform is [ 0, 0, 0 ]

not modular


---------------------------------------------------------


Transformation matrix is:
[0 0 1 0 0 0]
[0 1 0 0 0 0]
[1 0 0 0 0 0]
[0 0 0 1 0 0]
[0 0 0 0 0 1]
[0 0 0 0 1 0]

Diagonal matrix is:
[ 1  0  0  0  0  0]
[ 0  1  0  0  0  0]
[ 0  0  1  0  0  0]
[ 0  0  0  1  0  0]
[ 0  0  0  0 -1  0]
[ 0  0  0  0  0 -1]

Point counts are [
    [ 79, 3 ],
    [ 245, 5 ],
    [ 661, 7 ],
    [ 2189, 11 ],
    [ 3421, 13 ],
    [ 7301, 17 ]
]

Good point counts are [
    [ 79, 3 ],
    [ 245, 5 ],
    [ 661, 7 ],
    [ 2189, 11 ],
    [ 3421, 13 ],
    [ 7301, 17 ]
]

Level of weight 4 newform is [ 6, 1, 1 ]

First coefficient can be obtained from:  [ <16, 3>, <25, 5>, <43, 7>, <79, 11>,
<97, 13>, <133, 17> ]
Second coefficient is  <[ 0, 0, 0, 0, 0, 0 ], [ <-15, 5>, <-13, 7>, <-9, 11>,
<-7, 13>, <-3, 17> ]>


---------------------------------------------------------


Transformation matrix is:
[0 0 1 0 0 0]
[0 1 0 0 0 0]
[1 0 0 0 0 0]
[0 0 0 0 1 0]
[0 0 0 1 0 0]
[0 0 0 0 0 1]

Diagonal matrix is:
[ 1  0  0  0  0  0]
[ 0  1  0  0  0  0]
[ 0  0  1  0  0  0]
[ 0  0  0  1  0  0]
[ 0  0  0  0 -1  0]
[ 0  0  0  0  0 -1]

Point counts are [
    [ 79, 3 ],
    [ 245, 5 ],
    [ 661, 7 ],
    [ 2189, 11 ],
    [ 3421, 13 ],
    [ 7301, 17 ]
]

Good point counts are [
    [ 79, 3 ],
    [ 245, 5 ],
    [ 661, 7 ],
    [ 2189, 11 ],
    [ 3421, 13 ],
    [ 7301, 17 ]
]

Level of weight 4 newform is [ 6, 1, 1 ]

First coefficient can be obtained from:  [ <16, 3>, <25, 5>, <43, 7>, <79, 11>,
<97, 13>, <133, 17> ]
Second coefficient is  <[ 0, 0, 0, 0, 0, 0 ], [ <-15, 5>, <-13, 7>, <-9, 11>,
<-7, 13>, <-3, 17> ]>


---------------------------------------------------------


Transformation matrix is:
[0 0 1 0 0 0]
[0 1 0 0 0 0]
[1 0 0 0 0 0]
[0 0 0 0 0 1]
[0 0 0 0 1 0]
[0 0 0 1 0 0]

Diagonal matrix is:
[ 1  0  0  0  0  0]
[ 0  1  0  0  0  0]
[ 0  0  1  0  0  0]
[ 0  0  0  1  0  0]
[ 0  0  0  0 -1  0]
[ 0  0  0  0  0 -1]

Point counts are [
    [ 79, 3 ],
    [ 245, 5 ],
    [ 661, 7 ],
    [ 2189, 11 ],
    [ 3421, 13 ],
    [ 7301, 17 ]
]

Good point counts are [
    [ 79, 3 ],
    [ 245, 5 ],
    [ 661, 7 ],
    [ 2189, 11 ],
    [ 3421, 13 ],
    [ 7301, 17 ]
]

Level of weight 4 newform is [ 6, 1, 1 ]

First coefficient can be obtained from:  [ <16, 3>, <25, 5>, <43, 7>, <79, 11>,
<97, 13>, <133, 17> ]
Second coefficient is  <[ 0, 0, 0, 0, 0, 0 ], [ <-15, 5>, <-13, 7>, <-9, 11>,
<-7, 13>, <-3, 17> ]>


---------------------------------------------------------


Transformation matrix is:
[0 0 1 0 0 0]
[0 0 0 1 0 0]
[1 0 0 0 0 0]
[0 1 0 0 0 0]
[0 0 0 0 1 0]
[0 0 0 0 0 1]

Diagonal matrix is:
[ 1  0  0  0  0  0]
[ 0  1  0  0  0  0]
[ 0  0  1  0  0  0]
[ 0  0  0  1  0  0]
[ 0  0  0  0 -1  0]
[ 0  0  0  0  0 -1]

Point counts are [
    [ 79, 3 ],
    [ 245, 5 ],
    [ 661, 7 ],
    [ 2189, 11 ],
    [ 3421, 13 ],
    [ 7301, 17 ]
]

Good point counts are [
    [ 79, 3 ],
    [ 245, 5 ],
    [ 661, 7 ],
    [ 2189, 11 ],
    [ 3421, 13 ],
    [ 7301, 17 ]
]

Level of weight 4 newform is [ 6, 1, 1 ]

First coefficient can be obtained from:  [ <16, 3>, <25, 5>, <43, 7>, <79, 11>,
<97, 13>, <133, 17> ]
Second coefficient is  <[ 0, 0, 0, 0, 0, 0 ], [ <-15, 5>, <-13, 7>, <-9, 11>,
<-7, 13>, <-3, 17> ]>


---------------------------------------------------------


Transformation matrix is:
[0 0 1 0 0 0]
[0 0 0 1 0 0]
[1 0 0 0 0 0]
[0 1 0 0 0 0]
[0 0 0 0 0 1]
[0 0 0 0 1 0]

Diagonal matrix is:
[ 1  0  0  0  0  0]
[ 0  1  0  0  0  0]
[ 0  0  1  0  0  0]
[ 0  0  0 -1  0  0]
[ 0  0  0  0 -1  0]
[ 0  0  0  0  0 -1]

Point counts are [
    [ 85, 3 ],
    [ 286, 5 ],
    [ 722, 7 ],
    [ 2410, 11 ],
    [ 3758, 13 ],
    [ 7702, 17 ]
]

Good point counts are [
    [ 85, 3 ],
    [ 286, 5 ],
    [ 722, 7 ],
    [ 2410, 11 ],
    [ 3758, 13 ],
    [ 7702, 17 ]
]

Level of weight 4 newform is [ 0, 0, 0 ]

not modular


---------------------------------------------------------


Transformation matrix is:
[0 0 1 0 0 0]
[0 0 0 0 1 0]
[1 0 0 0 0 0]
[0 0 0 1 0 0]
[0 1 0 0 0 0]
[0 0 0 0 0 1]

Diagonal matrix is:
[ 1  0  0  0  0  0]
[ 0  1  0  0  0  0]
[ 0  0  1  0  0  0]
[ 0  0  0  1  0  0]
[ 0  0  0  0 -1  0]
[ 0  0  0  0  0 -1]

Point counts are [
    [ 79, 3 ],
    [ 245, 5 ],
    [ 661, 7 ],
    [ 2189, 11 ],
    [ 3421, 13 ],
    [ 7301, 17 ]
]

Good point counts are [
    [ 79, 3 ],
    [ 245, 5 ],
    [ 661, 7 ],
    [ 2189, 11 ],
    [ 3421, 13 ],
    [ 7301, 17 ]
]

Level of weight 4 newform is [ 6, 1, 1 ]

First coefficient can be obtained from:  [ <16, 3>, <25, 5>, <43, 7>, <79, 11>,
<97, 13>, <133, 17> ]
Second coefficient is  <[ 0, 0, 0, 0, 0, 0 ], [ <-15, 5>, <-13, 7>, <-9, 11>,
<-7, 13>, <-3, 17> ]>


---------------------------------------------------------


Transformation matrix is:
[0 0 1 0 0 0]
[0 0 0 0 1 0]
[1 0 0 0 0 0]
[0 0 0 0 0 1]
[0 1 0 0 0 0]
[0 0 0 1 0 0]

Diagonal matrix is:
[ 1  0  0  0  0  0]
[ 0  1  0  0  0  0]
[ 0  0  1  0  0  0]
[ 0  0  0 -1  0  0]
[ 0  0  0  0 -1  0]
[ 0  0  0  0  0 -1]

Point counts are [
    [ 85, 3 ],
    [ 286, 5 ],
    [ 722, 7 ],
    [ 2410, 11 ],
    [ 3758, 13 ],
    [ 7702, 17 ]
]

Good point counts are [
    [ 85, 3 ],
    [ 286, 5 ],
    [ 722, 7 ],
    [ 2410, 11 ],
    [ 3758, 13 ],
    [ 7702, 17 ]
]

Level of weight 4 newform is [ 0, 0, 0 ]

not modular


---------------------------------------------------------


Transformation matrix is:
[0 0 1 0 0 0]
[0 0 0 0 0 1]
[1 0 0 0 0 0]
[0 0 0 1 0 0]
[0 0 0 0 1 0]
[0 1 0 0 0 0]

Diagonal matrix is:
[ 1  0  0  0  0  0]
[ 0  1  0  0  0  0]
[ 0  0  1  0  0  0]
[ 0  0  0  1  0  0]
[ 0  0  0  0 -1  0]
[ 0  0  0  0  0 -1]

Point counts are [
    [ 79, 3 ],
    [ 245, 5 ],
    [ 661, 7 ],
    [ 2189, 11 ],
    [ 3421, 13 ],
    [ 7301, 17 ]
]

Good point counts are [
    [ 79, 3 ],
    [ 245, 5 ],
    [ 661, 7 ],
    [ 2189, 11 ],
    [ 3421, 13 ],
    [ 7301, 17 ]
]

Level of weight 4 newform is [ 6, 1, 1 ]

First coefficient can be obtained from:  [ <16, 3>, <25, 5>, <43, 7>, <79, 11>,
<97, 13>, <133, 17> ]
Second coefficient is  <[ 0, 0, 0, 0, 0, 0 ], [ <-15, 5>, <-13, 7>, <-9, 11>,
<-7, 13>, <-3, 17> ]>


---------------------------------------------------------


Transformation matrix is:
[0 0 1 0 0 0]
[0 0 0 0 0 1]
[1 0 0 0 0 0]
[0 0 0 0 1 0]
[0 0 0 1 0 0]
[0 1 0 0 0 0]

Diagonal matrix is:
[ 1  0  0  0  0  0]
[ 0  1  0  0  0  0]
[ 0  0  1  0  0  0]
[ 0  0  0 -1  0  0]
[ 0  0  0  0 -1  0]
[ 0  0  0  0  0 -1]

Point counts are [
    [ 85, 3 ],
    [ 286, 5 ],
    [ 722, 7 ],
    [ 2410, 11 ],
    [ 3758, 13 ],
    [ 7702, 17 ]
]

Good point counts are [
    [ 85, 3 ],
    [ 286, 5 ],
    [ 722, 7 ],
    [ 2410, 11 ],
    [ 3758, 13 ],
    [ 7702, 17 ]
]

Level of weight 4 newform is [ 0, 0, 0 ]

not modular


---------------------------------------------------------


Transformation matrix is:
[0 0 0 1 0 0]
[0 1 0 0 0 0]
[0 0 1 0 0 0]
[1 0 0 0 0 0]
[0 0 0 0 1 0]
[0 0 0 0 0 1]

Diagonal matrix is:
[ 1  0  0  0  0  0]
[ 0  1  0  0  0  0]
[ 0  0  1  0  0  0]
[ 0  0  0  1  0  0]
[ 0  0  0  0  1  0]
[ 0  0  0  0  0 -1]

Point counts are [
    [ 73, 3 ],
    [ 276, 5 ],
    [ 680, 7 ],
    [ 2256, 11 ],
    [ 3524, 13 ],
    [ 7260, 17 ]
]

Good point counts are [
    [ 73, 3 ],
    [ 276, 5 ],
    [ 680, 7 ],
    [ 2256, 11 ],
    [ 3524, 13 ],
    [ 7260, 17 ]
]

Level of weight 4 newform is [ 0, 0, 0 ]

not modular


---------------------------------------------------------


Transformation matrix is:
[0 0 0 1 0 0]
[0 1 0 0 0 0]
[0 0 1 0 0 0]
[1 0 0 0 0 0]
[0 0 0 0 0 1]
[0 0 0 0 1 0]

Diagonal matrix is:
[ 1  0  0  0  0  0]
[ 0  1  0  0  0  0]
[ 0  0  1  0  0  0]
[ 0  0  0  1  0  0]
[ 0  0  0  0 -1  0]
[ 0  0  0  0  0 -1]

Point counts are [
    [ 79, 3 ],
    [ 245, 5 ],
    [ 661, 7 ],
    [ 2189, 11 ],
    [ 3421, 13 ],
    [ 7301, 17 ]
]

Good point counts are [
    [ 79, 3 ],
    [ 245, 5 ],
    [ 661, 7 ],
    [ 2189, 11 ],
    [ 3421, 13 ],
    [ 7301, 17 ]
]

Level of weight 4 newform is [ 6, 1, 1 ]

First coefficient can be obtained from:  [ <16, 3>, <25, 5>, <43, 7>, <79, 11>,
<97, 13>, <133, 17> ]
Second coefficient is  <[ 0, 0, 0, 0, 0, 0 ], [ <-15, 5>, <-13, 7>, <-9, 11>,
<-7, 13>, <-3, 17> ]>


---------------------------------------------------------


Transformation matrix is:
[0 0 0 1 0 0]
[0 1 0 0 0 0]
[0 0 0 0 1 0]
[1 0 0 0 0 0]
[0 0 1 0 0 0]
[0 0 0 0 0 1]

Diagonal matrix is:
[ 1  0  0  0  0  0]
[ 0  1  0  0  0  0]
[ 0  0  1  0  0  0]
[ 0  0  0  1  0  0]
[ 0  0  0  0 -1  0]
[ 0  0  0  0  0 -1]

Point counts are [
    [ 79, 3 ],
    [ 245, 5 ],
    [ 661, 7 ],
    [ 2189, 11 ],
    [ 3421, 13 ],
    [ 7301, 17 ]
]

Good point counts are [
    [ 79, 3 ],
    [ 245, 5 ],
    [ 661, 7 ],
    [ 2189, 11 ],
    [ 3421, 13 ],
    [ 7301, 17 ]
]

Level of weight 4 newform is [ 6, 1, 1 ]

First coefficient can be obtained from:  [ <16, 3>, <25, 5>, <43, 7>, <79, 11>,
<97, 13>, <133, 17> ]
Second coefficient is  <[ 0, 0, 0, 0, 0, 0 ], [ <-15, 5>, <-13, 7>, <-9, 11>,
<-7, 13>, <-3, 17> ]>


---------------------------------------------------------


Transformation matrix is:
[0 0 0 1 0 0]
[0 1 0 0 0 0]
[0 0 0 0 0 1]
[1 0 0 0 0 0]
[0 0 0 0 1 0]
[0 0 1 0 0 0]

Diagonal matrix is:
[ 1  0  0  0  0  0]
[ 0  1  0  0  0  0]
[ 0  0  1  0  0  0]
[ 0  0  0  1  0  0]
[ 0  0  0  0 -1  0]
[ 0  0  0  0  0 -1]

Point counts are [
    [ 79, 3 ],
    [ 245, 5 ],
    [ 661, 7 ],
    [ 2189, 11 ],
    [ 3421, 13 ],
    [ 7301, 17 ]
]

Good point counts are [
    [ 79, 3 ],
    [ 245, 5 ],
    [ 661, 7 ],
    [ 2189, 11 ],
    [ 3421, 13 ],
    [ 7301, 17 ]
]

Level of weight 4 newform is [ 6, 1, 1 ]

First coefficient can be obtained from:  [ <16, 3>, <25, 5>, <43, 7>, <79, 11>,
<97, 13>, <133, 17> ]
Second coefficient is  <[ 0, 0, 0, 0, 0, 0 ], [ <-15, 5>, <-13, 7>, <-9, 11>,
<-7, 13>, <-3, 17> ]>


---------------------------------------------------------


Transformation matrix is:
[0 0 0 1 0 0]
[0 0 1 0 0 0]
[0 1 0 0 0 0]
[1 0 0 0 0 0]
[0 0 0 0 1 0]
[0 0 0 0 0 1]

Diagonal matrix is:
[ 1  0  0  0  0  0]
[ 0  1  0  0  0  0]
[ 0  0  1  0  0  0]
[ 0  0  0  1  0  0]
[ 0  0  0  0 -1  0]
[ 0  0  0  0  0 -1]

Point counts are [
    [ 79, 3 ],
    [ 245, 5 ],
    [ 661, 7 ],
    [ 2189, 11 ],
    [ 3421, 13 ],
    [ 7301, 17 ]
]

Good point counts are [
    [ 79, 3 ],
    [ 245, 5 ],
    [ 661, 7 ],
    [ 2189, 11 ],
    [ 3421, 13 ],
    [ 7301, 17 ]
]

Level of weight 4 newform is [ 6, 1, 1 ]

First coefficient can be obtained from:  [ <16, 3>, <25, 5>, <43, 7>, <79, 11>,
<97, 13>, <133, 17> ]
Second coefficient is  <[ 0, 0, 0, 0, 0, 0 ], [ <-15, 5>, <-13, 7>, <-9, 11>,
<-7, 13>, <-3, 17> ]>


---------------------------------------------------------


Transformation matrix is:
[0 0 0 1 0 0]
[0 0 1 0 0 0]
[0 1 0 0 0 0]
[1 0 0 0 0 0]
[0 0 0 0 0 1]
[0 0 0 0 1 0]

Diagonal matrix is:
[ 1  0  0  0  0  0]
[ 0  1  0  0  0  0]
[ 0  0  1  0  0  0]
[ 0  0  0 -1  0  0]
[ 0  0  0  0 -1  0]
[ 0  0  0  0  0 -1]

Point counts are [
    [ 85, 3 ],
    [ 286, 5 ],
    [ 722, 7 ],
    [ 2410, 11 ],
    [ 3758, 13 ],
    [ 7702, 17 ]
]

Good point counts are [
    [ 85, 3 ],
    [ 286, 5 ],
    [ 722, 7 ],
    [ 2410, 11 ],
    [ 3758, 13 ],
    [ 7702, 17 ]
]

Level of weight 4 newform is [ 0, 0, 0 ]

not modular


---------------------------------------------------------


Transformation matrix is:
[0 0 0 1 0 0]
[0 0 0 0 1 0]
[0 0 1 0 0 0]
[1 0 0 0 0 0]
[0 1 0 0 0 0]
[0 0 0 0 0 1]

Diagonal matrix is:
[ 1  0  0  0  0  0]
[ 0  1  0  0  0  0]
[ 0  0  1  0  0  0]
[ 0  0  0  1  0  0]
[ 0  0  0  0 -1  0]
[ 0  0  0  0  0 -1]

Point counts are [
    [ 79, 3 ],
    [ 245, 5 ],
    [ 661, 7 ],
    [ 2189, 11 ],
    [ 3421, 13 ],
    [ 7301, 17 ]
]

Good point counts are [
    [ 79, 3 ],
    [ 245, 5 ],
    [ 661, 7 ],
    [ 2189, 11 ],
    [ 3421, 13 ],
    [ 7301, 17 ]
]

Level of weight 4 newform is [ 6, 1, 1 ]

First coefficient can be obtained from:  [ <16, 3>, <25, 5>, <43, 7>, <79, 11>,
<97, 13>, <133, 17> ]
Second coefficient is  <[ 0, 0, 0, 0, 0, 0 ], [ <-15, 5>, <-13, 7>, <-9, 11>,
<-7, 13>, <-3, 17> ]>


---------------------------------------------------------


Transformation matrix is:
[0 0 0 1 0 0]
[0 0 0 0 1 0]
[0 0 0 0 0 1]
[1 0 0 0 0 0]
[0 1 0 0 0 0]
[0 0 1 0 0 0]

Diagonal matrix is:
[ 1  0  0  0  0  0]
[ 0  1  0  0  0  0]
[ 0  0  1  0  0  0]
[ 0  0  0 -1  0  0]
[ 0  0  0  0 -1  0]
[ 0  0  0  0  0 -1]

Point counts are [
    [ 85, 3 ],
    [ 286, 5 ],
    [ 722, 7 ],
    [ 2410, 11 ],
    [ 3758, 13 ],
    [ 7702, 17 ]
]

Good point counts are [
    [ 85, 3 ],
    [ 286, 5 ],
    [ 722, 7 ],
    [ 2410, 11 ],
    [ 3758, 13 ],
    [ 7702, 17 ]
]

Level of weight 4 newform is [ 0, 0, 0 ]

not modular


---------------------------------------------------------


Transformation matrix is:
[0 0 0 1 0 0]
[0 0 0 0 0 1]
[0 0 1 0 0 0]
[1 0 0 0 0 0]
[0 0 0 0 1 0]
[0 1 0 0 0 0]

Diagonal matrix is:
[ 1  0  0  0  0  0]
[ 0  1  0  0  0  0]
[ 0  0  1  0  0  0]
[ 0  0  0  1  0  0]
[ 0  0  0  0 -1  0]
[ 0  0  0  0  0 -1]

Point counts are [
    [ 79, 3 ],
    [ 245, 5 ],
    [ 661, 7 ],
    [ 2189, 11 ],
    [ 3421, 13 ],
    [ 7301, 17 ]
]

Good point counts are [
    [ 79, 3 ],
    [ 245, 5 ],
    [ 661, 7 ],
    [ 2189, 11 ],
    [ 3421, 13 ],
    [ 7301, 17 ]
]

Level of weight 4 newform is [ 6, 1, 1 ]

First coefficient can be obtained from:  [ <16, 3>, <25, 5>, <43, 7>, <79, 11>,
<97, 13>, <133, 17> ]
Second coefficient is  <[ 0, 0, 0, 0, 0, 0 ], [ <-15, 5>, <-13, 7>, <-9, 11>,
<-7, 13>, <-3, 17> ]>


---------------------------------------------------------


Transformation matrix is:
[0 0 0 1 0 0]
[0 0 0 0 0 1]
[0 0 0 0 1 0]
[1 0 0 0 0 0]
[0 0 1 0 0 0]
[0 1 0 0 0 0]

Diagonal matrix is:
[ 1  0  0  0  0  0]
[ 0  1  0  0  0  0]
[ 0  0  1  0  0  0]
[ 0  0  0 -1  0  0]
[ 0  0  0  0 -1  0]
[ 0  0  0  0  0 -1]

Point counts are [
    [ 85, 3 ],
    [ 286, 5 ],
    [ 722, 7 ],
    [ 2410, 11 ],
    [ 3758, 13 ],
    [ 7702, 17 ]
]

Good point counts are [
    [ 85, 3 ],
    [ 286, 5 ],
    [ 722, 7 ],
    [ 2410, 11 ],
    [ 3758, 13 ],
    [ 7702, 17 ]
]

Level of weight 4 newform is [ 0, 0, 0 ]

not modular


---------------------------------------------------------


Transformation matrix is:
[0 0 0 0 1 0]
[0 1 0 0 0 0]
[0 0 1 0 0 0]
[0 0 0 1 0 0]
[1 0 0 0 0 0]
[0 0 0 0 0 1]

Diagonal matrix is:
[ 1  0  0  0  0  0]
[ 0  1  0  0  0  0]
[ 0  0  1  0  0  0]
[ 0  0  0  1  0  0]
[ 0  0  0  0  1  0]
[ 0  0  0  0  0 -1]

Point counts are [
    [ 73, 3 ],
    [ 276, 5 ],
    [ 680, 7 ],
    [ 2256, 11 ],
    [ 3524, 13 ],
    [ 7260, 17 ]
]

Good point counts are [
    [ 73, 3 ],
    [ 276, 5 ],
    [ 680, 7 ],
    [ 2256, 11 ],
    [ 3524, 13 ],
    [ 7260, 17 ]
]

Level of weight 4 newform is [ 0, 0, 0 ]

not modular


---------------------------------------------------------


Transformation matrix is:
[0 0 0 0 1 0]
[0 1 0 0 0 0]
[0 0 1 0 0 0]
[0 0 0 0 0 1]
[1 0 0 0 0 0]
[0 0 0 1 0 0]

Diagonal matrix is:
[ 1  0  0  0  0  0]
[ 0  1  0  0  0  0]
[ 0  0  1  0  0  0]
[ 0  0  0  1  0  0]
[ 0  0  0  0 -1  0]
[ 0  0  0  0  0 -1]

Point counts are [
    [ 79, 3 ],
    [ 245, 5 ],
    [ 661, 7 ],
    [ 2189, 11 ],
    [ 3421, 13 ],
    [ 7301, 17 ]
]

Good point counts are [
    [ 79, 3 ],
    [ 245, 5 ],
    [ 661, 7 ],
    [ 2189, 11 ],
    [ 3421, 13 ],
    [ 7301, 17 ]
]

Level of weight 4 newform is [ 6, 1, 1 ]

First coefficient can be obtained from:  [ <16, 3>, <25, 5>, <43, 7>, <79, 11>,
<97, 13>, <133, 17> ]
Second coefficient is  <[ 0, 0, 0, 0, 0, 0 ], [ <-15, 5>, <-13, 7>, <-9, 11>,
<-7, 13>, <-3, 17> ]>


---------------------------------------------------------


Transformation matrix is:
[0 0 0 0 1 0]
[0 1 0 0 0 0]
[0 0 0 1 0 0]
[0 0 1 0 0 0]
[1 0 0 0 0 0]
[0 0 0 0 0 1]

Diagonal matrix is:
[ 1  0  0  0  0  0]
[ 0  1  0  0  0  0]
[ 0  0  1  0  0  0]
[ 0  0  0  1  0  0]
[ 0  0  0  0 -1  0]
[ 0  0  0  0  0 -1]

Point counts are [
    [ 79, 3 ],
    [ 245, 5 ],
    [ 661, 7 ],
    [ 2189, 11 ],
    [ 3421, 13 ],
    [ 7301, 17 ]
]

Good point counts are [
    [ 79, 3 ],
    [ 245, 5 ],
    [ 661, 7 ],
    [ 2189, 11 ],
    [ 3421, 13 ],
    [ 7301, 17 ]
]

Level of weight 4 newform is [ 6, 1, 1 ]

First coefficient can be obtained from:  [ <16, 3>, <25, 5>, <43, 7>, <79, 11>,
<97, 13>, <133, 17> ]
Second coefficient is  <[ 0, 0, 0, 0, 0, 0 ], [ <-15, 5>, <-13, 7>, <-9, 11>,
<-7, 13>, <-3, 17> ]>


---------------------------------------------------------


Transformation matrix is:
[0 0 0 0 1 0]
[0 1 0 0 0 0]
[0 0 0 0 0 1]
[0 0 0 1 0 0]
[1 0 0 0 0 0]
[0 0 1 0 0 0]

Diagonal matrix is:
[ 1  0  0  0  0  0]
[ 0  1  0  0  0  0]
[ 0  0  1  0  0  0]
[ 0  0  0  1  0  0]
[ 0  0  0  0 -1  0]
[ 0  0  0  0  0 -1]

Point counts are [
    [ 79, 3 ],
    [ 245, 5 ],
    [ 661, 7 ],
    [ 2189, 11 ],
    [ 3421, 13 ],
    [ 7301, 17 ]
]

Good point counts are [
    [ 79, 3 ],
    [ 245, 5 ],
    [ 661, 7 ],
    [ 2189, 11 ],
    [ 3421, 13 ],
    [ 7301, 17 ]
]

Level of weight 4 newform is [ 6, 1, 1 ]

First coefficient can be obtained from:  [ <16, 3>, <25, 5>, <43, 7>, <79, 11>,
<97, 13>, <133, 17> ]
Second coefficient is  <[ 0, 0, 0, 0, 0, 0 ], [ <-15, 5>, <-13, 7>, <-9, 11>,
<-7, 13>, <-3, 17> ]>


---------------------------------------------------------


Transformation matrix is:
[0 0 0 0 1 0]
[0 0 1 0 0 0]
[0 1 0 0 0 0]
[0 0 0 1 0 0]
[1 0 0 0 0 0]
[0 0 0 0 0 1]

Diagonal matrix is:
[ 1  0  0  0  0  0]
[ 0  1  0  0  0  0]
[ 0  0  1  0  0  0]
[ 0  0  0  1  0  0]
[ 0  0  0  0 -1  0]
[ 0  0  0  0  0 -1]

Point counts are [
    [ 79, 3 ],
    [ 245, 5 ],
    [ 661, 7 ],
    [ 2189, 11 ],
    [ 3421, 13 ],
    [ 7301, 17 ]
]

Good point counts are [
    [ 79, 3 ],
    [ 245, 5 ],
    [ 661, 7 ],
    [ 2189, 11 ],
    [ 3421, 13 ],
    [ 7301, 17 ]
]

Level of weight 4 newform is [ 6, 1, 1 ]

First coefficient can be obtained from:  [ <16, 3>, <25, 5>, <43, 7>, <79, 11>,
<97, 13>, <133, 17> ]
Second coefficient is  <[ 0, 0, 0, 0, 0, 0 ], [ <-15, 5>, <-13, 7>, <-9, 11>,
<-7, 13>, <-3, 17> ]>


---------------------------------------------------------


Transformation matrix is:
[0 0 0 0 1 0]
[0 0 1 0 0 0]
[0 1 0 0 0 0]
[0 0 0 0 0 1]
[1 0 0 0 0 0]
[0 0 0 1 0 0]

Diagonal matrix is:
[ 1  0  0  0  0  0]
[ 0  1  0  0  0  0]
[ 0  0  1  0  0  0]
[ 0  0  0 -1  0  0]
[ 0  0  0  0 -1  0]
[ 0  0  0  0  0 -1]

Point counts are [
    [ 85, 3 ],
    [ 286, 5 ],
    [ 722, 7 ],
    [ 2410, 11 ],
    [ 3758, 13 ],
    [ 7702, 17 ]
]

Good point counts are [
    [ 85, 3 ],
    [ 286, 5 ],
    [ 722, 7 ],
    [ 2410, 11 ],
    [ 3758, 13 ],
    [ 7702, 17 ]
]

Level of weight 4 newform is [ 0, 0, 0 ]

not modular


---------------------------------------------------------


Transformation matrix is:
[0 0 0 0 1 0]
[0 0 0 1 0 0]
[0 0 1 0 0 0]
[0 1 0 0 0 0]
[1 0 0 0 0 0]
[0 0 0 0 0 1]

Diagonal matrix is:
[ 1  0  0  0  0  0]
[ 0  1  0  0  0  0]
[ 0  0  1  0  0  0]
[ 0  0  0  1  0  0]
[ 0  0  0  0 -1  0]
[ 0  0  0  0  0 -1]

Point counts are [
    [ 79, 3 ],
    [ 245, 5 ],
    [ 661, 7 ],
    [ 2189, 11 ],
    [ 3421, 13 ],
    [ 7301, 17 ]
]

Good point counts are [
    [ 79, 3 ],
    [ 245, 5 ],
    [ 661, 7 ],
    [ 2189, 11 ],
    [ 3421, 13 ],
    [ 7301, 17 ]
]

Level of weight 4 newform is [ 6, 1, 1 ]

First coefficient can be obtained from:  [ <16, 3>, <25, 5>, <43, 7>, <79, 11>,
<97, 13>, <133, 17> ]
Second coefficient is  <[ 0, 0, 0, 0, 0, 0 ], [ <-15, 5>, <-13, 7>, <-9, 11>,
<-7, 13>, <-3, 17> ]>


---------------------------------------------------------


Transformation matrix is:
[0 0 0 0 1 0]
[0 0 0 1 0 0]
[0 0 0 0 0 1]
[0 1 0 0 0 0]
[1 0 0 0 0 0]
[0 0 1 0 0 0]

Diagonal matrix is:
[ 1  0  0  0  0  0]
[ 0  1  0  0  0  0]
[ 0  0  1  0  0  0]
[ 0  0  0 -1  0  0]
[ 0  0  0  0 -1  0]
[ 0  0  0  0  0 -1]

Point counts are [
    [ 85, 3 ],
    [ 286, 5 ],
    [ 722, 7 ],
    [ 2410, 11 ],
    [ 3758, 13 ],
    [ 7702, 17 ]
]

Good point counts are [
    [ 85, 3 ],
    [ 286, 5 ],
    [ 722, 7 ],
    [ 2410, 11 ],
    [ 3758, 13 ],
    [ 7702, 17 ]
]

Level of weight 4 newform is [ 0, 0, 0 ]

not modular


---------------------------------------------------------


Transformation matrix is:
[0 0 0 0 1 0]
[0 0 0 0 0 1]
[0 0 1 0 0 0]
[0 0 0 1 0 0]
[1 0 0 0 0 0]
[0 1 0 0 0 0]

Diagonal matrix is:
[ 1  0  0  0  0  0]
[ 0  1  0  0  0  0]
[ 0  0  1  0  0  0]
[ 0  0  0  1  0  0]
[ 0  0  0  0 -1  0]
[ 0  0  0  0  0 -1]

Point counts are [
    [ 79, 3 ],
    [ 245, 5 ],
    [ 661, 7 ],
    [ 2189, 11 ],
    [ 3421, 13 ],
    [ 7301, 17 ]
]

Good point counts are [
    [ 79, 3 ],
    [ 245, 5 ],
    [ 661, 7 ],
    [ 2189, 11 ],
    [ 3421, 13 ],
    [ 7301, 17 ]
]

Level of weight 4 newform is [ 6, 1, 1 ]

First coefficient can be obtained from:  [ <16, 3>, <25, 5>, <43, 7>, <79, 11>,
<97, 13>, <133, 17> ]
Second coefficient is  <[ 0, 0, 0, 0, 0, 0 ], [ <-15, 5>, <-13, 7>, <-9, 11>,
<-7, 13>, <-3, 17> ]>


---------------------------------------------------------


Transformation matrix is:
[0 0 0 0 1 0]
[0 0 0 0 0 1]
[0 0 0 1 0 0]
[0 0 1 0 0 0]
[1 0 0 0 0 0]
[0 1 0 0 0 0]

Diagonal matrix is:
[ 1  0  0  0  0  0]
[ 0  1  0  0  0  0]
[ 0  0  1  0  0  0]
[ 0  0  0 -1  0  0]
[ 0  0  0  0 -1  0]
[ 0  0  0  0  0 -1]

Point counts are [
    [ 85, 3 ],
    [ 286, 5 ],
    [ 722, 7 ],
    [ 2410, 11 ],
    [ 3758, 13 ],
    [ 7702, 17 ]
]

Good point counts are [
    [ 85, 3 ],
    [ 286, 5 ],
    [ 722, 7 ],
    [ 2410, 11 ],
    [ 3758, 13 ],
    [ 7702, 17 ]
]

Level of weight 4 newform is [ 0, 0, 0 ]

not modular


---------------------------------------------------------


Transformation matrix is:
[0 0 0 0 0 1]
[0 1 0 0 0 0]
[0 0 1 0 0 0]
[0 0 0 1 0 0]
[0 0 0 0 1 0]
[1 0 0 0 0 0]

Diagonal matrix is:
[ 1  0  0  0  0  0]
[ 0  1  0  0  0  0]
[ 0  0  1  0  0  0]
[ 0  0  0  1  0  0]
[ 0  0  0  0  1  0]
[ 0  0  0  0  0 -1]

Point counts are [
    [ 73, 3 ],
    [ 276, 5 ],
    [ 680, 7 ],
    [ 2256, 11 ],
    [ 3524, 13 ],
    [ 7260, 17 ]
]

Good point counts are [
    [ 73, 3 ],
    [ 276, 5 ],
    [ 680, 7 ],
    [ 2256, 11 ],
    [ 3524, 13 ],
    [ 7260, 17 ]
]

Level of weight 4 newform is [ 0, 0, 0 ]

not modular


---------------------------------------------------------


Transformation matrix is:
[0 0 0 0 0 1]
[0 1 0 0 0 0]
[0 0 1 0 0 0]
[0 0 0 0 1 0]
[0 0 0 1 0 0]
[1 0 0 0 0 0]

Diagonal matrix is:
[ 1  0  0  0  0  0]
[ 0  1  0  0  0  0]
[ 0  0  1  0  0  0]
[ 0  0  0  1  0  0]
[ 0  0  0  0 -1  0]
[ 0  0  0  0  0 -1]

Point counts are [
    [ 79, 3 ],
    [ 245, 5 ],
    [ 661, 7 ],
    [ 2189, 11 ],
    [ 3421, 13 ],
    [ 7301, 17 ]
]

Good point counts are [
    [ 79, 3 ],
    [ 245, 5 ],
    [ 661, 7 ],
    [ 2189, 11 ],
    [ 3421, 13 ],
    [ 7301, 17 ]
]

Level of weight 4 newform is [ 6, 1, 1 ]

First coefficient can be obtained from:  [ <16, 3>, <25, 5>, <43, 7>, <79, 11>,
<97, 13>, <133, 17> ]
Second coefficient is  <[ 0, 0, 0, 0, 0, 0 ], [ <-15, 5>, <-13, 7>, <-9, 11>,
<-7, 13>, <-3, 17> ]>


---------------------------------------------------------


Transformation matrix is:
[0 0 0 0 0 1]
[0 1 0 0 0 0]
[0 0 0 1 0 0]
[0 0 1 0 0 0]
[0 0 0 0 1 0]
[1 0 0 0 0 0]

Diagonal matrix is:
[ 1  0  0  0  0  0]
[ 0  1  0  0  0  0]
[ 0  0  1  0  0  0]
[ 0  0  0  1  0  0]
[ 0  0  0  0 -1  0]
[ 0  0  0  0  0 -1]

Point counts are [
    [ 79, 3 ],
    [ 245, 5 ],
    [ 661, 7 ],
    [ 2189, 11 ],
    [ 3421, 13 ],
    [ 7301, 17 ]
]

Good point counts are [
    [ 79, 3 ],
    [ 245, 5 ],
    [ 661, 7 ],
    [ 2189, 11 ],
    [ 3421, 13 ],
    [ 7301, 17 ]
]

Level of weight 4 newform is [ 6, 1, 1 ]

First coefficient can be obtained from:  [ <16, 3>, <25, 5>, <43, 7>, <79, 11>,
<97, 13>, <133, 17> ]
Second coefficient is  <[ 0, 0, 0, 0, 0, 0 ], [ <-15, 5>, <-13, 7>, <-9, 11>,
<-7, 13>, <-3, 17> ]>


---------------------------------------------------------


Transformation matrix is:
[0 0 0 0 0 1]
[0 1 0 0 0 0]
[0 0 0 0 1 0]
[0 0 0 1 0 0]
[0 0 1 0 0 0]
[1 0 0 0 0 0]

Diagonal matrix is:
[ 1  0  0  0  0  0]
[ 0  1  0  0  0  0]
[ 0  0  1  0  0  0]
[ 0  0  0  1  0  0]
[ 0  0  0  0 -1  0]
[ 0  0  0  0  0 -1]

Point counts are [
    [ 79, 3 ],
    [ 245, 5 ],
    [ 661, 7 ],
    [ 2189, 11 ],
    [ 3421, 13 ],
    [ 7301, 17 ]
]

Good point counts are [
    [ 79, 3 ],
    [ 245, 5 ],
    [ 661, 7 ],
    [ 2189, 11 ],
    [ 3421, 13 ],
    [ 7301, 17 ]
]

Level of weight 4 newform is [ 6, 1, 1 ]

First coefficient can be obtained from:  [ <16, 3>, <25, 5>, <43, 7>, <79, 11>,
<97, 13>, <133, 17> ]
Second coefficient is  <[ 0, 0, 0, 0, 0, 0 ], [ <-15, 5>, <-13, 7>, <-9, 11>,
<-7, 13>, <-3, 17> ]>


---------------------------------------------------------


Transformation matrix is:
[0 0 0 0 0 1]
[0 0 1 0 0 0]
[0 1 0 0 0 0]
[0 0 0 1 0 0]
[0 0 0 0 1 0]
[1 0 0 0 0 0]

Diagonal matrix is:
[ 1  0  0  0  0  0]
[ 0  1  0  0  0  0]
[ 0  0  1  0  0  0]
[ 0  0  0  1  0  0]
[ 0  0  0  0 -1  0]
[ 0  0  0  0  0 -1]

Point counts are [
    [ 79, 3 ],
    [ 245, 5 ],
    [ 661, 7 ],
    [ 2189, 11 ],
    [ 3421, 13 ],
    [ 7301, 17 ]
]

Good point counts are [
    [ 79, 3 ],
    [ 245, 5 ],
    [ 661, 7 ],
    [ 2189, 11 ],
    [ 3421, 13 ],
    [ 7301, 17 ]
]

Level of weight 4 newform is [ 6, 1, 1 ]

First coefficient can be obtained from:  [ <16, 3>, <25, 5>, <43, 7>, <79, 11>,
<97, 13>, <133, 17> ]
Second coefficient is  <[ 0, 0, 0, 0, 0, 0 ], [ <-15, 5>, <-13, 7>, <-9, 11>,
<-7, 13>, <-3, 17> ]>


---------------------------------------------------------


Transformation matrix is:
[0 0 0 0 0 1]
[0 0 1 0 0 0]
[0 1 0 0 0 0]
[0 0 0 0 1 0]
[0 0 0 1 0 0]
[1 0 0 0 0 0]

Diagonal matrix is:
[ 1  0  0  0  0  0]
[ 0  1  0  0  0  0]
[ 0  0  1  0  0  0]
[ 0  0  0 -1  0  0]
[ 0  0  0  0 -1  0]
[ 0  0  0  0  0 -1]

Point counts are [
    [ 85, 3 ],
    [ 286, 5 ],
    [ 722, 7 ],
    [ 2410, 11 ],
    [ 3758, 13 ],
    [ 7702, 17 ]
]

Good point counts are [
    [ 85, 3 ],
    [ 286, 5 ],
    [ 722, 7 ],
    [ 2410, 11 ],
    [ 3758, 13 ],
    [ 7702, 17 ]
]

Level of weight 4 newform is [ 0, 0, 0 ]

not modular


---------------------------------------------------------


Transformation matrix is:
[0 0 0 0 0 1]
[0 0 0 1 0 0]
[0 0 1 0 0 0]
[0 1 0 0 0 0]
[0 0 0 0 1 0]
[1 0 0 0 0 0]

Diagonal matrix is:
[ 1  0  0  0  0  0]
[ 0  1  0  0  0  0]
[ 0  0  1  0  0  0]
[ 0  0  0  1  0  0]
[ 0  0  0  0 -1  0]
[ 0  0  0  0  0 -1]

Point counts are [
    [ 79, 3 ],
    [ 245, 5 ],
    [ 661, 7 ],
    [ 2189, 11 ],
    [ 3421, 13 ],
    [ 7301, 17 ]
]

Good point counts are [
    [ 79, 3 ],
    [ 245, 5 ],
    [ 661, 7 ],
    [ 2189, 11 ],
    [ 3421, 13 ],
    [ 7301, 17 ]
]

Level of weight 4 newform is [ 6, 1, 1 ]

First coefficient can be obtained from:  [ <16, 3>, <25, 5>, <43, 7>, <79, 11>,
<97, 13>, <133, 17> ]
Second coefficient is  <[ 0, 0, 0, 0, 0, 0 ], [ <-15, 5>, <-13, 7>, <-9, 11>,
<-7, 13>, <-3, 17> ]>


---------------------------------------------------------


Transformation matrix is:
[0 0 0 0 0 1]
[0 0 0 1 0 0]
[0 0 0 0 1 0]
[0 1 0 0 0 0]
[0 0 1 0 0 0]
[1 0 0 0 0 0]

Diagonal matrix is:
[ 1  0  0  0  0  0]
[ 0  1  0  0  0  0]
[ 0  0  1  0  0  0]
[ 0  0  0 -1  0  0]
[ 0  0  0  0 -1  0]
[ 0  0  0  0  0 -1]

Point counts are [
    [ 85, 3 ],
    [ 286, 5 ],
    [ 722, 7 ],
    [ 2410, 11 ],
    [ 3758, 13 ],
    [ 7702, 17 ]
]

Good point counts are [
    [ 85, 3 ],
    [ 286, 5 ],
    [ 722, 7 ],
    [ 2410, 11 ],
    [ 3758, 13 ],
    [ 7702, 17 ]
]

Level of weight 4 newform is [ 0, 0, 0 ]

not modular


---------------------------------------------------------


Transformation matrix is:
[0 0 0 0 0 1]
[0 0 0 0 1 0]
[0 0 1 0 0 0]
[0 0 0 1 0 0]
[0 1 0 0 0 0]
[1 0 0 0 0 0]

Diagonal matrix is:
[ 1  0  0  0  0  0]
[ 0  1  0  0  0  0]
[ 0  0  1  0  0  0]
[ 0  0  0  1  0  0]
[ 0  0  0  0 -1  0]
[ 0  0  0  0  0 -1]

Point counts are [
    [ 79, 3 ],
    [ 245, 5 ],
    [ 661, 7 ],
    [ 2189, 11 ],
    [ 3421, 13 ],
    [ 7301, 17 ]
]

Good point counts are [
    [ 79, 3 ],
    [ 245, 5 ],
    [ 661, 7 ],
    [ 2189, 11 ],
    [ 3421, 13 ],
    [ 7301, 17 ]
]

Level of weight 4 newform is [ 6, 1, 1 ]

First coefficient can be obtained from:  [ <16, 3>, <25, 5>, <43, 7>, <79, 11>,
<97, 13>, <133, 17> ]
Second coefficient is  <[ 0, 0, 0, 0, 0, 0 ], [ <-15, 5>, <-13, 7>, <-9, 11>,
<-7, 13>, <-3, 17> ]>


---------------------------------------------------------


Transformation matrix is:
[0 0 0 0 0 1]
[0 0 0 0 1 0]
[0 0 0 1 0 0]
[0 0 1 0 0 0]
[0 1 0 0 0 0]
[1 0 0 0 0 0]

Diagonal matrix is:
[ 1  0  0  0  0  0]
[ 0  1  0  0  0  0]
[ 0  0  1  0  0  0]
[ 0  0  0 -1  0  0]
[ 0  0  0  0 -1  0]
[ 0  0  0  0  0 -1]

Point counts are [
    [ 85, 3 ],
    [ 286, 5 ],
    [ 722, 7 ],
    [ 2410, 11 ],
    [ 3758, 13 ],
    [ 7702, 17 ]
]

Good point counts are [
    [ 85, 3 ],
    [ 286, 5 ],
    [ 722, 7 ],
    [ 2410, 11 ],
    [ 3758, 13 ],
    [ 7702, 17 ]
]

Level of weight 4 newform is [ 0, 0, 0 ]

not modular


