Transformation matrix is:
[1 0 0 0]
[0 1 0 0]
[0 0 1 0]
[0 0 0 1]

Diagonal matrix is:
[1 0 0 0]
[0 1 0 0]
[0 0 1 0]
[0 0 0 1]

Point counts are [
    [ 39, 3 ],
    [ 153, 5 ],
    [ 403, 7 ],
    [ 1431, 11 ],
    [ 2345, 13 ],
    [ 5085, 17 ],
    [ 7303, 19 ],
    [ 12595, 23 ]
]

Good point counts are [
    [ 39, 3 ],
    [ 153, 5 ],
    [ 403, 7 ],
    [ 1431, 11 ],
    [ 2345, 13 ],
    [ 5085, 17 ],
    [ 7303, 19 ],
    [ 12595, 23 ]
]
Level of weight 4 newform is [ 0, 0, 0 ]

not modular


---------------------------------------------------------


Transformation matrix is:
[0 1 0 0]
[1 0 0 0]
[0 0 1 0]
[0 0 0 1]

Diagonal matrix is:
[ 1  0  0  0]
[ 0  1  0  0]
[ 0  0  1  0]
[ 0  0  0 -1]

Point counts are [
    [ 40, 3 ],
    [ 146, 5 ],
    [ 400, 7 ],
    [ 1464, 11 ],
    [ 2354, 13 ],
    [ 5186, 17 ],
    [ 7240, 19 ],
    [ 12720, 23 ]
]

Good point counts are [
    [ 40, 3 ],
    [ 146, 5 ],
    [ 400, 7 ],
    [ 1464, 11 ],
    [ 2354, 13 ],
    [ 5186, 17 ],
    [ 7240, 19 ],
    [ 12720, 23 ]
]
Level of weight 4 newform is [ 0, 0, 0 ]

not modular


---------------------------------------------------------

