Transformation matrix is:
[1 0 0 0]
[0 1 0 0]
[0 0 1 0]
[0 0 0 1]

Diagonal matrix is:
[1 0 0 0]
[0 1 0 0]
[0 0 1 0]
[0 0 0 1]

Point counts are [
    [ 40, 3 ],
    [ 156, 5 ],
    [ 400, 7 ],
    [ 1464, 11 ],
    [ 2380, 13 ],
    [ 5220, 17 ],
    [ 7240, 19 ],
    [ 12720, 23 ]
]

Good point counts are [
    [ 40, 3 ],
    [ 156, 5 ],
    [ 400, 7 ],
    [ 1464, 11 ],
    [ 2380, 13 ],
    [ 5220, 17 ],
    [ 7240, 19 ],
    [ 12720, 23 ]
]
Level of weight 4 newform is [ 0, 0, 0 ]

not modular


---------------------------------------------------------

