Transformation matrix is:
[1 0 0 0]
[0 1 0 0]
[0 0 1 0]
[0 0 0 1]

Diagonal matrix is:
[1 0 0 0]
[0 1 0 0]
[0 0 1 0]
[0 0 0 1]

Point counts are [
    [ 40, 3 ],
    [ 156, 5 ],
    [ 400, 7 ],
    [ 1464, 11 ],
    [ 2380, 13 ],
    [ 5220, 17 ],
    [ 7240, 19 ],
    [ 12720, 23 ]
]

Good point counts are [
    [ 40, 3 ],
    [ 156, 5 ],
    [ 400, 7 ],
    [ 1464, 11 ],
    [ 2380, 13 ],
    [ 5220, 17 ],
    [ 7240, 19 ],
    [ 12720, 23 ]
]
Level of weight 4 newform is [ 0, 0, 0 ]

not modular


---------------------------------------------------------


Transformation matrix is:
[1 0 0 0]
[0 1 0 0]
[0 0 0 1]
[0 0 1 0]

Diagonal matrix is:
[ 1  0  0  0]
[ 0  1  0  0]
[ 0  0  1  0]
[ 0  0  0 -1]

Point counts are [
    [ 40, 3 ],
    [ 144, 5 ],
    [ 358, 7 ],
    [ 1544, 11 ],
    [ 2448, 13 ],
    [ 5154, 17 ],
    [ 6888, 19 ],
    [ 12934, 23 ]
]

Good point counts are [
    [ 40, 3 ],
    [ 144, 5 ],
    [ 358, 7 ],
    [ 1544, 11 ],
    [ 2448, 13 ],
    [ 5154, 17 ],
    [ 6888, 19 ],
    [ 12934, 23 ]
]
Level of weight 4 newform is [ 0, 0, 0 ]

not modular


---------------------------------------------------------


Transformation matrix is:
[1 0 0 0]
[0 0 1 0]
[0 1 0 0]
[0 0 0 1]

Diagonal matrix is:
[ 1  0  0  0]
[ 0  1  0  0]
[ 0  0  1  0]
[ 0  0  0 -1]

Point counts are [
    [ 40, 3 ],
    [ 144, 5 ],
    [ 358, 7 ],
    [ 1544, 11 ],
    [ 2448, 13 ],
    [ 5154, 17 ],
    [ 6888, 19 ],
    [ 12934, 23 ]
]

Good point counts are [
    [ 40, 3 ],
    [ 144, 5 ],
    [ 358, 7 ],
    [ 1544, 11 ],
    [ 2448, 13 ],
    [ 5154, 17 ],
    [ 6888, 19 ],
    [ 12934, 23 ]
]
Level of weight 4 newform is [ 0, 0, 0 ]

not modular


---------------------------------------------------------


Transformation matrix is:
[1 0 0 0]
[0 0 0 1]
[0 0 1 0]
[0 1 0 0]

Diagonal matrix is:
[ 1  0  0  0]
[ 0  1  0  0]
[ 0  0  1  0]
[ 0  0  0 -1]

Point counts are [
    [ 40, 3 ],
    [ 144, 5 ],
    [ 358, 7 ],
    [ 1544, 11 ],
    [ 2448, 13 ],
    [ 5154, 17 ],
    [ 6888, 19 ],
    [ 12934, 23 ]
]

Good point counts are [
    [ 40, 3 ],
    [ 144, 5 ],
    [ 358, 7 ],
    [ 1544, 11 ],
    [ 2448, 13 ],
    [ 5154, 17 ],
    [ 6888, 19 ],
    [ 12934, 23 ]
]
Level of weight 4 newform is [ 0, 0, 0 ]

not modular


---------------------------------------------------------


Transformation matrix is:
[0 1 0 0]
[1 0 0 0]
[0 0 1 0]
[0 0 0 1]

Diagonal matrix is:
[ 1  0  0  0]
[ 0  1  0  0]
[ 0  0  1  0]
[ 0  0  0 -1]

Point counts are [
    [ 40, 3 ],
    [ 144, 5 ],
    [ 358, 7 ],
    [ 1544, 11 ],
    [ 2448, 13 ],
    [ 5154, 17 ],
    [ 6888, 19 ],
    [ 12934, 23 ]
]

Good point counts are [
    [ 40, 3 ],
    [ 144, 5 ],
    [ 358, 7 ],
    [ 1544, 11 ],
    [ 2448, 13 ],
    [ 5154, 17 ],
    [ 6888, 19 ],
    [ 12934, 23 ]
]
Level of weight 4 newform is [ 0, 0, 0 ]

not modular


---------------------------------------------------------


Transformation matrix is:
[0 1 0 0]
[1 0 0 0]
[0 0 0 1]
[0 0 1 0]

Diagonal matrix is:
[ 1  0  0  0]
[ 0  1  0  0]
[ 0  0 -1  0]
[ 0  0  0 -1]

Point counts are [
    [ 46, 3 ],
    [ 156, 5 ],
    [ 400, 7 ],
    [ 1508, 11 ],
    [ 2276, 13 ],
    [ 5084, 17 ],
    [ 7164, 19 ],
    [ 12628, 23 ]
]

Good point counts are [
    [ 46, 3 ],
    [ 156, 5 ],
    [ 400, 7 ],
    [ 1508, 11 ],
    [ 2276, 13 ],
    [ 5084, 17 ],
    [ 7164, 19 ],
    [ 12628, 23 ]
]
Level of weight 4 newform is [ 0, 0, 0 ]

not modular


---------------------------------------------------------


Transformation matrix is:
[0 0 1 0]
[0 1 0 0]
[1 0 0 0]
[0 0 0 1]

Diagonal matrix is:
[ 1  0  0  0]
[ 0  1  0  0]
[ 0  0  1  0]
[ 0  0  0 -1]

Point counts are [
    [ 40, 3 ],
    [ 144, 5 ],
    [ 358, 7 ],
    [ 1544, 11 ],
    [ 2448, 13 ],
    [ 5154, 17 ],
    [ 6888, 19 ],
    [ 12934, 23 ]
]

Good point counts are [
    [ 40, 3 ],
    [ 144, 5 ],
    [ 358, 7 ],
    [ 1544, 11 ],
    [ 2448, 13 ],
    [ 5154, 17 ],
    [ 6888, 19 ],
    [ 12934, 23 ]
]
Level of weight 4 newform is [ 0, 0, 0 ]

not modular


---------------------------------------------------------


Transformation matrix is:
[0 0 1 0]
[0 0 0 1]
[1 0 0 0]
[0 1 0 0]

Diagonal matrix is:
[ 1  0  0  0]
[ 0  1  0  0]
[ 0  0 -1  0]
[ 0  0  0 -1]

Point counts are [
    [ 46, 3 ],
    [ 156, 5 ],
    [ 400, 7 ],
    [ 1508, 11 ],
    [ 2276, 13 ],
    [ 5084, 17 ],
    [ 7164, 19 ],
    [ 12628, 23 ]
]

Good point counts are [
    [ 46, 3 ],
    [ 156, 5 ],
    [ 400, 7 ],
    [ 1508, 11 ],
    [ 2276, 13 ],
    [ 5084, 17 ],
    [ 7164, 19 ],
    [ 12628, 23 ]
]
Level of weight 4 newform is [ 0, 0, 0 ]

not modular


---------------------------------------------------------


Transformation matrix is:
[0 0 0 1]
[0 1 0 0]
[0 0 1 0]
[1 0 0 0]

Diagonal matrix is:
[ 1  0  0  0]
[ 0  1  0  0]
[ 0  0  1  0]
[ 0  0  0 -1]

Point counts are [
    [ 40, 3 ],
    [ 144, 5 ],
    [ 358, 7 ],
    [ 1544, 11 ],
    [ 2448, 13 ],
    [ 5154, 17 ],
    [ 6888, 19 ],
    [ 12934, 23 ]
]

Good point counts are [
    [ 40, 3 ],
    [ 144, 5 ],
    [ 358, 7 ],
    [ 1544, 11 ],
    [ 2448, 13 ],
    [ 5154, 17 ],
    [ 6888, 19 ],
    [ 12934, 23 ]
]
Level of weight 4 newform is [ 0, 0, 0 ]

not modular


---------------------------------------------------------


Transformation matrix is:
[0 0 0 1]
[0 0 1 0]
[0 1 0 0]
[1 0 0 0]

Diagonal matrix is:
[ 1  0  0  0]
[ 0  1  0  0]
[ 0  0 -1  0]
[ 0  0  0 -1]

Point counts are [
    [ 46, 3 ],
    [ 156, 5 ],
    [ 400, 7 ],
    [ 1508, 11 ],
    [ 2276, 13 ],
    [ 5084, 17 ],
    [ 7164, 19 ],
    [ 12628, 23 ]
]

Good point counts are [
    [ 46, 3 ],
    [ 156, 5 ],
    [ 400, 7 ],
    [ 1508, 11 ],
    [ 2276, 13 ],
    [ 5084, 17 ],
    [ 7164, 19 ],
    [ 12628, 23 ]
]
Level of weight 4 newform is [ 0, 0, 0 ]

not modular


---------------------------------------------------------


>
