Transformation matrix is:
[1 0 0 0 0 0]
[0 1 0 0 0 0]
[0 0 1 0 0 0]
[0 0 0 1 0 0]
[0 0 0 0 1 0]
[0 0 0 0 0 1]

Diagonal matrix is:
[1 0 0 0 0 0]
[0 1 0 0 0 0]
[0 0 1 0 0 0]
[0 0 0 1 0 0]
[0 0 0 0 1 0]
[0 0 0 0 0 1]

Point counts are [
    [ 24, 3 ],
    [ 28, 5 ],
    [ 200, 7 ],
    [ 1112, 11 ],
    [ 1084, 13 ],
    [ 8604, 17 ]
]

Good point counts are [
    [ 24, 3 ],
    [ 28, 5 ],
    [ 200, 7 ],
    [ 1112, 11 ],
    [ 1084, 13 ],
    [ 8604, 17 ]
]

Level of weight 4 newform is [ 16, 1, 1 ]

First coefficient can be obtained from:  [ <0, 3>, <-20, 5>, <-24, 7>, <-16,
11>, <-84, 13>, <220, 17> ]
Second coefficient is  <[ 0, 0, 0, 0, 0, 0 ], [ <-25, 5>, <-31, 7>, <-27, 11>,
<-97, 13>, <203, 17> ]>


---------------------------------------------------------


Transformation matrix is:
[1 0 0 0 0 0]
[0 1 0 0 0 0]
[0 0 1 0 0 0]
[0 0 0 1 0 0]
[0 0 0 0 0 1]
[0 0 0 0 1 0]

Diagonal matrix is:
[ 1  0  0  0  0  0]
[ 0  1  0  0  0  0]
[ 0  0  1  0  0  0]
[ 0  0  0  1  0  0]
[ 0  0  0  0  1  0]
[ 0  0  0  0  0 -1]

Point counts are [
    [ 28, 3 ],
    [ 56, 5 ],
    [ 484, 7 ],
    [ 1420, 11 ],
    [ 1496, 13 ],
    [ 6648, 17 ]
]

Good point counts are [
    [ 28, 3 ],
    [ 56, 5 ],
    [ 484, 7 ],
    [ 1420, 11 ],
    [ 1496, 13 ],
    [ 6648, 17 ]
]

Level of weight 4 newform is [ 0, 0, 0 ]

not modular


---------------------------------------------------------


Transformation matrix is:
[1 0 0 0 0 0]
[0 1 0 0 0 0]
[0 0 0 1 0 0]
[0 0 1 0 0 0]
[0 0 0 0 1 0]
[0 0 0 0 0 1]

Diagonal matrix is:
[ 1  0  0  0  0  0]
[ 0  1  0  0  0  0]
[ 0  0  1  0  0  0]
[ 0  0  0  1  0  0]
[ 0  0  0  0  1  0]
[ 0  0  0  0  0 -1]

Point counts are [
    [ 25, 3 ],
    [ 81, 5 ],
    [ 281, 7 ],
    [ 1233, 11 ],
    [ 1769, 13 ],
    [ 7277, 17 ]
]

Good point counts are [
    [ 25, 3 ],
    [ 81, 5 ],
    [ 281, 7 ],
    [ 1233, 11 ],
    [ 1769, 13 ],
    [ 7277, 17 ]
]

Level of weight 4 newform is [ 0, 0, 0 ]

not modular


---------------------------------------------------------


Transformation matrix is:
[1 0 0 0 0 0]
[0 1 0 0 0 0]
[0 0 0 1 0 0]
[0 0 1 0 0 0]
[0 0 0 0 0 1]
[0 0 0 0 1 0]

Diagonal matrix is:
[ 1  0  0  0  0  0]
[ 0  1  0  0  0  0]
[ 0  0  1  0  0  0]
[ 0  0  0  1  0  0]
[ 0  0  0  0 -1  0]
[ 0  0  0  0  0 -1]

Point counts are [
    [ 27, 3 ],
    [ 83, 5 ],
    [ 375, 7 ],
    [ 1123, 11 ],
    [ 1643, 13 ],
    [ 6683, 17 ]
]

Good point counts are [
    [ 27, 3 ],
    [ 83, 5 ],
    [ 375, 7 ],
    [ 1123, 11 ],
    [ 1643, 13 ],
    [ 6683, 17 ]
]

Level of weight 4 newform is [ 16, 1, 1 ]

First coefficient can be obtained from:  [ <1, 3>, <-9, 5>, <1, 7>, <-15, 11>,
<-41, 13>, <107, 17> ]
Second coefficient is  <[ 0, 0, 0, 0, 0, 0 ], [ <-14, 5>, <-6, 7>, <-26, 11>,
<-54, 13>, <90, 17> ]>


---------------------------------------------------------


Transformation matrix is:
[1 0 0 0 0 0]
[0 0 1 0 0 0]
[0 1 0 0 0 0]
[0 0 0 1 0 0]
[0 0 0 0 1 0]
[0 0 0 0 0 1]

Diagonal matrix is:
[ 1  0  0  0  0  0]
[ 0  1  0  0  0  0]
[ 0  0  1  0  0  0]
[ 0  0  0  1  0  0]
[ 0  0  0  0  1  0]
[ 0  0  0  0  0 -1]

Point counts are [
    [ 25, 3 ],
    [ 81, 5 ],
    [ 281, 7 ],
    [ 1233, 11 ],
    [ 1769, 13 ],
    [ 7277, 17 ]
]

Good point counts are [
    [ 25, 3 ],
    [ 81, 5 ],
    [ 281, 7 ],
    [ 1233, 11 ],
    [ 1769, 13 ],
    [ 7277, 17 ]
]

Level of weight 4 newform is [ 0, 0, 0 ]

not modular


---------------------------------------------------------


Transformation matrix is:
[1 0 0 0 0 0]
[0 0 1 0 0 0]
[0 1 0 0 0 0]
[0 0 0 1 0 0]
[0 0 0 0 0 1]
[0 0 0 0 1 0]

Diagonal matrix is:
[ 1  0  0  0  0  0]
[ 0  1  0  0  0  0]
[ 0  0  1  0  0  0]
[ 0  0  0  1  0  0]
[ 0  0  0  0 -1  0]
[ 0  0  0  0  0 -1]

Point counts are [
    [ 27, 3 ],
    [ 83, 5 ],
    [ 375, 7 ],
    [ 1123, 11 ],
    [ 1643, 13 ],
    [ 6683, 17 ]
]

Good point counts are [
    [ 27, 3 ],
    [ 83, 5 ],
    [ 375, 7 ],
    [ 1123, 11 ],
    [ 1643, 13 ],
    [ 6683, 17 ]
]

Level of weight 4 newform is [ 16, 1, 1 ]

First coefficient can be obtained from:  [ <1, 3>, <-9, 5>, <1, 7>, <-15, 11>,
<-41, 13>, <107, 17> ]
Second coefficient is  <[ 0, 0, 0, 0, 0, 0 ], [ <-14, 5>, <-6, 7>, <-26, 11>,
<-54, 13>, <90, 17> ]>


---------------------------------------------------------


Transformation matrix is:
[1 0 0 0 0 0]
[0 0 0 1 0 0]
[0 0 1 0 0 0]
[0 1 0 0 0 0]
[0 0 0 0 1 0]
[0 0 0 0 0 1]

Diagonal matrix is:
[ 1  0  0  0  0  0]
[ 0  1  0  0  0  0]
[ 0  0  1  0  0  0]
[ 0  0  0  1  0  0]
[ 0  0  0  0  1  0]
[ 0  0  0  0  0 -1]

Point counts are [
    [ 25, 3 ],
    [ 81, 5 ],
    [ 281, 7 ],
    [ 1233, 11 ],
    [ 1769, 13 ],
    [ 7277, 17 ]
]

Good point counts are [
    [ 25, 3 ],
    [ 81, 5 ],
    [ 281, 7 ],
    [ 1233, 11 ],
    [ 1769, 13 ],
    [ 7277, 17 ]
]

Level of weight 4 newform is [ 0, 0, 0 ]

not modular


---------------------------------------------------------


Transformation matrix is:
[1 0 0 0 0 0]
[0 0 0 1 0 0]
[0 0 1 0 0 0]
[0 1 0 0 0 0]
[0 0 0 0 0 1]
[0 0 0 0 1 0]

Diagonal matrix is:
[ 1  0  0  0  0  0]
[ 0  1  0  0  0  0]
[ 0  0  1  0  0  0]
[ 0  0  0  1  0  0]
[ 0  0  0  0 -1  0]
[ 0  0  0  0  0 -1]

Point counts are [
    [ 27, 3 ],
    [ 83, 5 ],
    [ 375, 7 ],
    [ 1123, 11 ],
    [ 1643, 13 ],
    [ 6683, 17 ]
]

Good point counts are [
    [ 27, 3 ],
    [ 83, 5 ],
    [ 375, 7 ],
    [ 1123, 11 ],
    [ 1643, 13 ],
    [ 6683, 17 ]
]

Level of weight 4 newform is [ 16, 1, 1 ]

First coefficient can be obtained from:  [ <1, 3>, <-9, 5>, <1, 7>, <-15, 11>,
<-41, 13>, <107, 17> ]
Second coefficient is  <[ 0, 0, 0, 0, 0, 0 ], [ <-14, 5>, <-6, 7>, <-26, 11>,
<-54, 13>, <90, 17> ]>


---------------------------------------------------------


Transformation matrix is:
[0 1 0 0 0 0]
[1 0 0 0 0 0]
[0 0 1 0 0 0]
[0 0 0 1 0 0]
[0 0 0 0 1 0]
[0 0 0 0 0 1]

Diagonal matrix is:
[ 1  0  0  0  0  0]
[ 0  1  0  0  0  0]
[ 0  0  1  0  0  0]
[ 0  0  0  1  0  0]
[ 0  0  0  0  1  0]
[ 0  0  0  0  0 -1]

Point counts are [
    [ 25, 3 ],
    [ 81, 5 ],
    [ 281, 7 ],
    [ 1233, 11 ],
    [ 1769, 13 ],
    [ 7277, 17 ]
]

Good point counts are [
    [ 25, 3 ],
    [ 81, 5 ],
    [ 281, 7 ],
    [ 1233, 11 ],
    [ 1769, 13 ],
    [ 7277, 17 ]
]

Level of weight 4 newform is [ 0, 0, 0 ]

not modular


---------------------------------------------------------


Transformation matrix is:
[0 1 0 0 0 0]
[1 0 0 0 0 0]
[0 0 1 0 0 0]
[0 0 0 1 0 0]
[0 0 0 0 0 1]
[0 0 0 0 1 0]

Diagonal matrix is:
[ 1  0  0  0  0  0]
[ 0  1  0  0  0  0]
[ 0  0  1  0  0  0]
[ 0  0  0  1  0  0]
[ 0  0  0  0 -1  0]
[ 0  0  0  0  0 -1]

Point counts are [
    [ 27, 3 ],
    [ 83, 5 ],
    [ 375, 7 ],
    [ 1123, 11 ],
    [ 1643, 13 ],
    [ 6683, 17 ]
]

Good point counts are [
    [ 27, 3 ],
    [ 83, 5 ],
    [ 375, 7 ],
    [ 1123, 11 ],
    [ 1643, 13 ],
    [ 6683, 17 ]
]

Level of weight 4 newform is [ 16, 1, 1 ]

First coefficient can be obtained from:  [ <1, 3>, <-9, 5>, <1, 7>, <-15, 11>,
<-41, 13>, <107, 17> ]
Second coefficient is  <[ 0, 0, 0, 0, 0, 0 ], [ <-14, 5>, <-6, 7>, <-26, 11>,
<-54, 13>, <90, 17> ]>


---------------------------------------------------------


Transformation matrix is:
[0 1 0 0 0 0]
[1 0 0 0 0 0]
[0 0 0 1 0 0]
[0 0 1 0 0 0]
[0 0 0 0 1 0]
[0 0 0 0 0 1]

Diagonal matrix is:
[ 1  0  0  0  0  0]
[ 0  1  0  0  0  0]
[ 0  0  1  0  0  0]
[ 0  0  0  1  0  0]
[ 0  0  0  0 -1  0]
[ 0  0  0  0  0 -1]

Point counts are [
    [ 18, 3 ],
    [ 98, 5 ],
    [ 410, 7 ],
    [ 1090, 11 ],
    [ 1682, 13 ],
    [ 6666, 17 ]
]

Good point counts are [
    [ 18, 3 ],
    [ 98, 5 ],
    [ 410, 7 ],
    [ 1090, 11 ],
    [ 1682, 13 ],
    [ 6666, 17 ]
]

Level of weight 4 newform is [ 16, 1, 1 ]

First coefficient can be obtained from:  [ <-2, 3>, <-6, 5>, <6, 7>, <-18, 11>,
<-38, 13>, <106, 17> ]
Second coefficient is  <[ 0, 0, 0, 0, 0, 0 ], [ <-11, 5>, <-1, 7>, <-29, 11>,
<-51, 13>, <89, 17> ]>


---------------------------------------------------------


Transformation matrix is:
[0 1 0 0 0 0]
[1 0 0 0 0 0]
[0 0 0 1 0 0]
[0 0 1 0 0 0]
[0 0 0 0 0 1]
[0 0 0 0 1 0]

Diagonal matrix is:
[ 1  0  0  0  0  0]
[ 0  1  0  0  0  0]
[ 0  0  1  0  0  0]
[ 0  0  0 -1  0  0]
[ 0  0  0  0 -1  0]
[ 0  0  0  0  0 -1]

Point counts are [
    [ 34, 3 ],
    [ 146, 5 ],
    [ 218, 7 ],
    [ 1442, 11 ],
    [ 2146, 13 ],
    [ 6546, 17 ]
]

Good point counts are [
    [ 34, 3 ],
    [ 146, 5 ],
    [ 218, 7 ],
    [ 1442, 11 ],
    [ 2146, 13 ],
    [ 6546, 17 ]
]

Level of weight 4 newform is [ 0, 0, 0 ]

not modular


---------------------------------------------------------


Transformation matrix is:
[0 0 1 0 0 0]
[0 1 0 0 0 0]
[1 0 0 0 0 0]
[0 0 0 1 0 0]
[0 0 0 0 1 0]
[0 0 0 0 0 1]

Diagonal matrix is:
[ 1  0  0  0  0  0]
[ 0  1  0  0  0  0]
[ 0  0  1  0  0  0]
[ 0  0  0  1  0  0]
[ 0  0  0  0  1  0]
[ 0  0  0  0  0 -1]

Point counts are [
    [ 25, 3 ],
    [ 81, 5 ],
    [ 281, 7 ],
    [ 1233, 11 ],
    [ 1769, 13 ],
    [ 7277, 17 ]
]

Good point counts are [
    [ 25, 3 ],
    [ 81, 5 ],
    [ 281, 7 ],
    [ 1233, 11 ],
    [ 1769, 13 ],
    [ 7277, 17 ]
]

Level of weight 4 newform is [ 0, 0, 0 ]

not modular


---------------------------------------------------------


Transformation matrix is:
[0 0 1 0 0 0]
[0 1 0 0 0 0]
[1 0 0 0 0 0]
[0 0 0 1 0 0]
[0 0 0 0 0 1]
[0 0 0 0 1 0]

Diagonal matrix is:
[ 1  0  0  0  0  0]
[ 0  1  0  0  0  0]
[ 0  0  1  0  0  0]
[ 0  0  0  1  0  0]
[ 0  0  0  0 -1  0]
[ 0  0  0  0  0 -1]

Point counts are [
    [ 27, 3 ],
    [ 83, 5 ],
    [ 375, 7 ],
    [ 1123, 11 ],
    [ 1643, 13 ],
    [ 6683, 17 ]
]

Good point counts are [
    [ 27, 3 ],
    [ 83, 5 ],
    [ 375, 7 ],
    [ 1123, 11 ],
    [ 1643, 13 ],
    [ 6683, 17 ]
]

Level of weight 4 newform is [ 16, 1, 1 ]

First coefficient can be obtained from:  [ <1, 3>, <-9, 5>, <1, 7>, <-15, 11>,
<-41, 13>, <107, 17> ]
Second coefficient is  <[ 0, 0, 0, 0, 0, 0 ], [ <-14, 5>, <-6, 7>, <-26, 11>,
<-54, 13>, <90, 17> ]>


---------------------------------------------------------


Transformation matrix is:
[0 0 1 0 0 0]
[0 0 0 1 0 0]
[1 0 0 0 0 0]
[0 1 0 0 0 0]
[0 0 0 0 1 0]
[0 0 0 0 0 1]

Diagonal matrix is:
[ 1  0  0  0  0  0]
[ 0  1  0  0  0  0]
[ 0  0  1  0  0  0]
[ 0  0  0  1  0  0]
[ 0  0  0  0 -1  0]
[ 0  0  0  0  0 -1]

Point counts are [
    [ 18, 3 ],
    [ 98, 5 ],
    [ 410, 7 ],
    [ 1090, 11 ],
    [ 1682, 13 ],
    [ 6666, 17 ]
]

Good point counts are [
    [ 18, 3 ],
    [ 98, 5 ],
    [ 410, 7 ],
    [ 1090, 11 ],
    [ 1682, 13 ],
    [ 6666, 17 ]
]

Level of weight 4 newform is [ 16, 1, 1 ]

First coefficient can be obtained from:  [ <-2, 3>, <-6, 5>, <6, 7>, <-18, 11>,
<-38, 13>, <106, 17> ]
Second coefficient is  <[ 0, 0, 0, 0, 0, 0 ], [ <-11, 5>, <-1, 7>, <-29, 11>,
<-51, 13>, <89, 17> ]>


---------------------------------------------------------


Transformation matrix is:
[0 0 1 0 0 0]
[0 0 0 1 0 0]
[1 0 0 0 0 0]
[0 1 0 0 0 0]
[0 0 0 0 0 1]
[0 0 0 0 1 0]

Diagonal matrix is:
[ 1  0  0  0  0  0]
[ 0  1  0  0  0  0]
[ 0  0  1  0  0  0]
[ 0  0  0 -1  0  0]
[ 0  0  0  0 -1  0]
[ 0  0  0  0  0 -1]

Point counts are [
    [ 34, 3 ],
    [ 146, 5 ],
    [ 218, 7 ],
    [ 1442, 11 ],
    [ 2146, 13 ],
    [ 6546, 17 ]
]

Good point counts are [
    [ 34, 3 ],
    [ 146, 5 ],
    [ 218, 7 ],
    [ 1442, 11 ],
    [ 2146, 13 ],
    [ 6546, 17 ]
]

Level of weight 4 newform is [ 0, 0, 0 ]

not modular


---------------------------------------------------------


Transformation matrix is:
[0 0 0 1 0 0]
[0 1 0 0 0 0]
[0 0 1 0 0 0]
[1 0 0 0 0 0]
[0 0 0 0 1 0]
[0 0 0 0 0 1]

Diagonal matrix is:
[ 1  0  0  0  0  0]
[ 0  1  0  0  0  0]
[ 0  0  1  0  0  0]
[ 0  0  0  1  0  0]
[ 0  0  0  0  1  0]
[ 0  0  0  0  0 -1]

Point counts are [
    [ 25, 3 ],
    [ 81, 5 ],
    [ 281, 7 ],
    [ 1233, 11 ],
    [ 1769, 13 ],
    [ 7277, 17 ]
]

Good point counts are [
    [ 25, 3 ],
    [ 81, 5 ],
    [ 281, 7 ],
    [ 1233, 11 ],
    [ 1769, 13 ],
    [ 7277, 17 ]
]

Level of weight 4 newform is [ 0, 0, 0 ]

not modular


---------------------------------------------------------


Transformation matrix is:
[0 0 0 1 0 0]
[0 1 0 0 0 0]
[0 0 1 0 0 0]
[1 0 0 0 0 0]
[0 0 0 0 0 1]
[0 0 0 0 1 0]

Diagonal matrix is:
[ 1  0  0  0  0  0]
[ 0  1  0  0  0  0]
[ 0  0  1  0  0  0]
[ 0  0  0  1  0  0]
[ 0  0  0  0 -1  0]
[ 0  0  0  0  0 -1]

Point counts are [
    [ 27, 3 ],
    [ 83, 5 ],
    [ 375, 7 ],
    [ 1123, 11 ],
    [ 1643, 13 ],
    [ 6683, 17 ]
]

Good point counts are [
    [ 27, 3 ],
    [ 83, 5 ],
    [ 375, 7 ],
    [ 1123, 11 ],
    [ 1643, 13 ],
    [ 6683, 17 ]
]

Level of weight 4 newform is [ 16, 1, 1 ]

First coefficient can be obtained from:  [ <1, 3>, <-9, 5>, <1, 7>, <-15, 11>,
<-41, 13>, <107, 17> ]
Second coefficient is  <[ 0, 0, 0, 0, 0, 0 ], [ <-14, 5>, <-6, 7>, <-26, 11>,
<-54, 13>, <90, 17> ]>


---------------------------------------------------------


Transformation matrix is:
[0 0 0 1 0 0]
[0 0 1 0 0 0]
[0 1 0 0 0 0]
[1 0 0 0 0 0]
[0 0 0 0 1 0]
[0 0 0 0 0 1]

Diagonal matrix is:
[ 1  0  0  0  0  0]
[ 0  1  0  0  0  0]
[ 0  0  1  0  0  0]
[ 0  0  0  1  0  0]
[ 0  0  0  0 -1  0]
[ 0  0  0  0  0 -1]

Point counts are [
    [ 18, 3 ],
    [ 98, 5 ],
    [ 410, 7 ],
    [ 1090, 11 ],
    [ 1682, 13 ],
    [ 6666, 17 ]
]

Good point counts are [
    [ 18, 3 ],
    [ 98, 5 ],
    [ 410, 7 ],
    [ 1090, 11 ],
    [ 1682, 13 ],
    [ 6666, 17 ]
]

Level of weight 4 newform is [ 16, 1, 1 ]

First coefficient can be obtained from:  [ <-2, 3>, <-6, 5>, <6, 7>, <-18, 11>,
<-38, 13>, <106, 17> ]
Second coefficient is  <[ 0, 0, 0, 0, 0, 0 ], [ <-11, 5>, <-1, 7>, <-29, 11>,
<-51, 13>, <89, 17> ]>


---------------------------------------------------------


Transformation matrix is:
[0 0 0 1 0 0]
[0 0 1 0 0 0]
[0 1 0 0 0 0]
[1 0 0 0 0 0]
[0 0 0 0 0 1]
[0 0 0 0 1 0]

Diagonal matrix is:
[ 1  0  0  0  0  0]
[ 0  1  0  0  0  0]
[ 0  0  1  0  0  0]
[ 0  0  0 -1  0  0]
[ 0  0  0  0 -1  0]
[ 0  0  0  0  0 -1]

Point counts are [
    [ 34, 3 ],
    [ 146, 5 ],
    [ 218, 7 ],
    [ 1442, 11 ],
    [ 2146, 13 ],
    [ 6546, 17 ]
]

Good point counts are [
    [ 34, 3 ],
    [ 146, 5 ],
    [ 218, 7 ],
    [ 1442, 11 ],
    [ 2146, 13 ],
    [ 6546, 17 ]
]

Level of weight 4 newform is [ 0, 0, 0 ]

not modular


